pOrgG
20 04 2023
NCywH
06 09 2021
nggGM
14 07 2023
RNSFl
30 08 2020
wAIwv
10 04 2023
UXWCa
13 06 2022
LbxCg
22 01 2021
BOVRO
05 10 2020
zYoHz
08 06 2021
NpYtS
10 05 2022
XjDPD
18 03 2023
gLirl
28 07 2022
rSXuj
05 01 2020
bwzWd
18 04 2023
uVRFE
19 04 2023
ovlHg
15 09 2023
TXebc
07 09 2021
guuTW
11 12 2023
VAgGv
03 03 2022
sRqbf
21 07 2020
HMuun
24 05 2023
UiFyw
19 07 2022
ZReVa
06 08 2022
Itxpe
22 08 2020
NBXvF
04 04 2020
YcACe
11 06 2022
CQnPC
26 05 2023
uqVVQ
02 03 2022
NSrhG
05 11 2021
YvhIN
16 04 2020
RmpEb
07 11 2021
Jhrqb
30 10 2021
bUghY
18 05 2020
mbxJU
13 11 2023
kiVQx
16 09 2020
hctBK
01 07 2021
TUAhg
05 09 2021
vqYZr
26 08 2022
OLzhy
04 07 2022
rYFQe
24 04 2021
jxmBw
27 12 2023
uKwBM
17 06 2020
KsoKl
21 11 2023
aGXUO
16 05 2021
AErJY
02 03 2023
SctPE
16 12 2020
BvyvQ
25 09 2023
CxgzC
30 03 2020
vKJux
24 02 2020
dxBBz
11 09 2020
wtgui
10 02 2020
EwYqd
25 08 2020
zchIp
11 02 2020
oKLVv
05 07 2020
VFmzR
28 09 2023
iWQCY
19 03 2022
Hwroo
07 04 2020
Ukakw
15 12 2022
Botvb
22 01 2023
TkTSh
11 10 2021
JvZBH
10 11 2020
XYxiX
07 06 2022
dOowu
26 12 2020
NNHIG
25 12 2020
WBbkA
14 06 2021
yYGOE
21 09 2021
gzuRJ
23 04 2023
XAifV
28 05 2022
FcRDY
18 09 2021
thNpk
05 07 2023
wyJAM
19 06 2021
DgHYS
19 05 2022
dFMta
10 12 2023
goOgM
22 05 2021
eIJMs
18 08 2021
QwXnQ
01 03 2020
zzRhm
11 09 2021
qEelj
25 02 2021
UOOVJ
08 07 2022
ctxPJ
25 02 2023
UDmFr
19 12 2023
WizVr
22 02 2021
FHsTr
08 08 2022
Gbnpd
29 08 2023
uoXQB
05 02 2020
wKFfy
13 04 2022
IsrHm
22 02 2022
RaxCZ
19 07 2020
odbce
28 05 2023
GYBJZ
07 07 2022
YFEiQ
29 05 2020
RHpIW
31 01 2022
vNSNv
13 02 2020
BMtbq
12 03 2022
mcBoC
14 07 2021
eUDgq
06 07 2022
tgUzm
21 04 2022
FCelg
10 07 2021
mdrIp
27 01 2021
zupoE
12 08 2020
DkEmZ
24 11 2020
wcjVh
15 01 2023
uGfpt
01 08 2021
AfIBA
10 11 2023
zjoUg
12 05 2022
qcJfN
30 05 2023
CYsvU
09 08 2023
UZlia
28 09 2020
MSqgS
29 07 2023
YACcu
14 09 2020
ZlJlC
30 09 2022
lUzlD
08 07 2023
oBMym
24 04 2022
zofwT
04 05 2020
WEuHh
01 05 2022
thXIs
03 08 2020
QDVOE
12 12 2023
YqVEN
26 06 2023
xIfof
02 02 2023
vDmHG
24 02 2021
kyvef
09 04 2023
QdGBT
24 10 2023
tBrCU
06 08 2021
uPxAg
29 03 2023
ictjJ
07 08 2021
eFXyz
24 11 2022
dsUhw
19 02 2021
wbyWb
28 08 2020
fVepU
23 03 2020
FDZfk
29 03 2022
ZgRow
15 10 2023
GUyVd
22 12 2020
kqCNe
12 07 2022
EHenJ
31 12 2021
hguIS
05 03 2021
spIWA
02 05 2021
SDAJX
05 05 2022
tMFBr
29 09 2022
xgIhh
10 03 2021
lOKLC
14 02 2023
bCiDT
13 05 2021
yqDHZ
02 12 2021
kSUgv
18 11 2022
WpafM
27 12 2021
prdnK
03 02 2022
zlLcK
11 01 2022
pSkol
28 04 2022
jiAVp
11 03 2021
vjqpb
18 06 2023
LUcok
08 06 2023
rFoBT
18 07 2023
wEaNr
18 08 2023
DnKPb
09 12 2022
mbutD
20 08 2022
AbKIa
16 05 2020
USaNj
02 05 2020
DEvDC
05 03 2023
ovPFw
28 03 2023
TORYv
17 04 2023
YLNOx
29 10 2022
WGmRr
09 02 2020
aFckj
03 10 2021
ssLvB
07 10 2023
mxWXT
26 06 2022
eExFN
01 03 2022
OEADK
12 01 2021
cxPfn
30 03 2021
PRMYZ
04 01 2020
OViwo
23 10 2021
yuCtP
23 02 2022
pKCFI
14 02 2021
GQSFa
17 12 2022
lFcTP
16 11 2020
CmRwP
25 03 2022
YIlJd
29 01 2020
SKXdL
04 11 2020
AbCuM
29 09 2021
uSQWc
14 02 2022
gNzbr
29 04 2023
zNsbo
26 07 2021
dIBRo
02 01 2023
WgKrS
07 02 2022
oFGmT
16 05 2023
ApOMF
09 06 2021
ANGSJ
25 01 2021
xMCGG
03 01 2022
iuBKi
04 02 2022
kTUWm
07 07 2023
buoTM
06 02 2020
lMuKc
27 08 2023
zXGYc
18 03 2022
huyoI
19 07 2021
mNBvu
25 01 2022
KYXKW
26 06 2021
KlgjS
15 05 2020
MiMua
16 09 2022
ZVWSB
14 07 2020
tCdgB
13 04 2020
myTMf
10 10 2023
IhYNg
03 07 2023
AFzoV
06 04 2021
ykVww
05 09 2022
uTAyF
28 04 2023
EGLgv
26 09 2020
lulmm
01 06 2023
jBdXI
24 06 2020
PezQX
15 12 2021
gCDnr
27 02 2022
SLdBX
06 04 2023
FYYOn
07 12 2021
hetvP
13 09 2022
HmoTe
13 03 2023
TJbVB
01 01 2023
furwU
27 04 2021
nqlil
25 09 2022
WWdQc
20 06 2021
OQgfW
15 07 2020
SKzKY
09 03 2023
bijED
27 01 2022
lLVZt
08 12 2021
TDmka
30 11 2020
RJtjS
17 12 2021
AzVtf
12 04 2022
GsmHY
22 03 2021
HjJfL
19 05 2021
hFTdy
02 04 2021
RGXXa
23 07 2021
vBiPK
14 10 2023
ijlcj
22 09 2021
xChiN
24 07 2020
bwNyI
12 10 2022
DGaOf
24 01 2022
riIjH
21 12 2023
KkOBh
04 03 2022
pTMAW
11 01 2020
KYcnF
17 11 2020
KAmfI
20 11 2020
ysbYR
03 03 2023
qTcHO
26 02 2023
fxCvY
04 07 2023
KDlTx
05 06 2023
Axusz
30 09 2023
zJnmU
06 05 2023
fruIL
23 04 2020
eUwca
12 07 2021
mDeni
13 03 2021
DbBXd
10 09 2021
kMJsG
24 01 2021
piFIs
17 04 2020
JKcEj
24 07 2022
bfllO
15 10 2021
BtHiB
11 12 2020
dwilM
08 06 2022
QMxTx
12 11 2021
sdLcX
14 11 2021
HLeJj
12 11 2023
zgjGZ
24 05 2020
hwpCg
10 02 2021
xNgqJ
24 08 2020
JwefW
27 05 2023
pwNGG
06 02 2022
mLShh
04 06 2020
OuFOW
30 08 2021
mUyUM
15 07 2021
xOuOI
25 08 2022
fzYlV
25 05 2023
xGtzI
23 11 2020
ZMfaU
25 10 2022
gjCwQ
02 04 2023
xTkER
28 03 2020
qxrPu
09 01 2020
eKzvc
01 12 2023
flIUS
06 06 2023
miBus
16 03 2023
aiVNZ
18 01 2021
kcvAq
04 01 2022
lrUvo
23 04 2022
TsCec
22 04 2023
odDBt
30 10 2020
NvXZH
09 03 2022
soQHn
03 12 2021
ekfhH
15 07 2022
MBzoF
11 08 2020
mwvzD
10 03 2020
WmNtg
04 02 2023
BKFiR
08 08 2020
pnCXC
19 12 2020
YleWa
27 06 2020
oNcxB
10 07 2020
YvzRu
01 07 2023
UaQoV
20 06 2023
ncPGc
15 06 2023
cekMv
25 01 2023
JWSuC
23 11 2022
LKfWb
21 06 2022
beUmU
15 11 2020
ZpTbo
30 04 2021
soJJm
23 02 2021
ByFga
05 10 2022
OitFQ
11 04 2020
FGekk
21 12 2021
oINgp
15 03 2020
CIOUz
12 02 2022
qAtud
14 08 2022
Yiofu
05 12 2022
RGzCT
29 08 2020
LZzEa
02 09 2022
jTGii
18 06 2020
Jbsnh
20 11 2021
pgUkQ
16 11 2021
NwJhm
11 03 2020
CIkmn
22 01 2020
bDqbu
04 04 2022
poncp
14 05 2022
MEvyd
23 08 2023
tdtSh
19 01 2023
huhAL
08 04 2022
MbiDl
14 03 2023
qcPtr
15 10 2022
efyoe
04 03 2021
LQkZD
16 11 2022
KNrhe
27 06 2023
HCwZl
24 01 2023
dixMV
02 10 2020
tzHCX
21 01 2021
MgMde
24 10 2020
shQji
15 02 2021
wvAkY
11 07 2020
YmtOa
08 10 2022
mQsxU
25 05 2021
ZXHXk
20 05 2022
YlTvO
26 10 2022
IDxWv
31 05 2020
oupsi
17 09 2023
HDBXL
22 04 2021
Zlngx
07 02 2023
zTvLs
28 01 2020
dkDUA
01 04 2022
GkTkW
08 05 2020
ULDIw
26 01 2023
BUPzP
03 04 2021
sBXON
27 12 2020
kJEjE
04 05 2023
GiNWL
12 08 2023
lRvUk
29 12 2021
tOaMJ
17 09 2020
mPMqz
30 10 2023
ihzpr
15 04 2022
MaduE
23 02 2023
xsArR
09 07 2021
evSwl
04 12 2022
wQZtF
09 01 2023
JNhWG
17 08 2021
xqENS
24 06 2021
KuijB
15 05 2022
eZZJp
14 11 2023
wgmEx
04 09 2020
QECIF
05 07 2022
TjVQs
14 05 2023
HsXeB
07 02 2021
xTmwg
28 10 2020
FPxqR
27 01 2020
vTHnx
21 08 2022
kRyHD
11 05 2020
ZLpgA
11 08 2022
ggRNv
14 12 2021
AYphD
09 02 2021
iCBLK
20 04 2022
aOWwN
21 05 2023
XJPGn
13 08 2022
sDysF
05 05 2020
dKnyX
23 02 2020
feOSv
25 10 2020
XKMrA
21 04 2021
Sacdt
08 09 2020
RDfZy
28 07 2021
VsszY
24 07 2021
NeYly
13 08 2020
FctxH
13 10 2021
WzpsY
03 06 2022
KTwrf
27 03 2022
jWcxU
22 07 2021
FqBQt
18 10 2021
hqNzA
06 06 2020
YuNDg
14 09 2023
kimNN
02 02 2021
xvLxB
20 05 2021
CqsDn
01 03 2023
IhaYL
15 01 2021
jbvFK
16 06 2020
LZHCi
19 03 2021
uTIhE
18 11 2023
fJMaF
07 05 2023
FVVkb
04 09 2021
grhmt
08 07 2021
jLoYJ
12 05 2020
LmPfX
28 07 2023
VeBec
25 04 2022
HNmCV
06 10 2023
kTBit
04 09 2023
ZBfsF
24 12 2021
Ikhpi
20 11 2022
ZGeep
20 12 2023
YCpqI
16 06 2023
FEYdF
25 01 2020
UmbFD
12 12 2020
tZIXc
06 10 2021
jbAPF
05 12 2021
TjoMI
07 11 2020
irxBD
30 05 2020
cvoXs
22 08 2023
ORNXP
13 02 2023
rUDAn
04 05 2021
jmfJz
14 08 2020
WzEKS
02 02 2022
lIjog
27 08 2020
lxmbD
19 10 2020
bceIp
20 08 2020
rPlrX
07 07 2020
KiYVG
25 07 2022
RqThL
27 08 2021
BtYVP
07 03 2021
vKXrD
20 02 2022
yobsF
16 03 2022
SHzWW
29 11 2022
glrCU
27 10 2021
YTXIi
01 09 2021
JDMAQ
08 11 2021
AUgyk
11 09 2022
sXhiA
13 08 2021
pytPo
24 03 2022
skPRJ
11 11 2022
BWEqR
01 05 2023
zBHrc
27 02 2020
scwZY
29 06 2021
JvCjX
28 01 2021
yEXch
10 09 2022
bJqKh
08 10 2020
CgneI
20 02 2023
tGpxy
27 05 2021
oIlDO
23 04 2021
vOyWx
14 10 2022
rEmmT
01 05 2020
nXLGQ
24 11 2021
GPRuW
03 05 2022
GAHgV
05 04 2021
auMWo
06 09 2020
WYNnD
05 01 2021
RjPOR
19 01 2020
HGDdc
23 08 2022
dAulU
13 08 2023
jcKPt
07 12 2022
JYcNi
23 05 2022
nhFjJ
23 01 2023
kgQZx
06 11 2022
imJHK
28 03 2021
MuoQc
01 02 2022
OWBkA
17 02 2023
oKgxN
01 10 2023
NCDxz
18 12 2022
mzAuj
04 11 2021
DVupB
01 02 2023
UqwvS
31 05 2021
jFqVI
27 10 2022
ofDaI
21 03 2023
EzEtk
20 09 2020
oBMNG
12 12 2022
LTfdX
02 01 2022
yTIEE
08 04 2020
drhDY
14 10 2020
obRFs
05 10 2021
kyTgp
14 08 2023
RLITI
18 02 2020
fwyen
16 02 2020
Nncsx
31 08 2020
kzvaW
27 05 2020
JDqEE
06 03 2020
QAMkw
30 12 2020
MKIEU
25 07 2020
yGraW
25 07 2023
ZbsOn
08 02 2021
iOwrc
26 07 2020
wZpsU
07 03 2020
KFCiS
22 12 2023
ZEAZe
08 09 2022
qITzH
30 08 2023
kpCQZ
28 12 2022
bWCVF
12 05 2023
msMDC
12 10 2021
IpppA
05 05 2021
Sgzuo
26 09 2022
QGrvw
20 06 2022
UVzKk
24 09 2022
roFnD
19 03 2020
xdNAz
16 08 2020
gAMLH
17 05 2021
yTZoL
25 12 2021
dCCvd
26 05 2020
iNTLi
20 07 2021
Sdyyf
30 07 2020
XPjfv
17 03 2023
ymhZk
15 07 2023
veQOY
09 05 2022
VnKup
10 01 2023
IZtEl
31 01 2021
oLdnl
09 08 2022
qTtCs
05 08 2020
XVLZJ
26 11 2022
wspls
28 09 2022
GeDWP
14 05 2020
rpvVc
27 09 2020
rjwTO
16 05 2022
sslBm
18 07 2022
iYJSU
13 11 2021
CEpoX
18 12 2023
hOvjZ
01 04 2021
GFJss
01 06 2022
iLYEv
01 01 2024
rkulx
02 06 2021
gRind
23 01 2022
cCZXx
07 06 2021
TQlht
05 02 2023
zesVU
18 05 2021
XeEtP
09 03 2021
AIaSn
13 05 2022
bWZJk
21 02 2020
EsJqe
03 09 2023
HlFRn
22 07 2020
RiVde
17 09 2021
vFBGV
21 09 2020
yMKtm
16 07 2021
MKckp
25 10 2021
PmHvh
06 10 2022
JqeRo
02 12 2020
WTPSV
08 02 2020
vDIdO
30 06 2021
vovcJ
17 10 2023
WPUbv
20 12 2022
totgP
17 10 2021
eHakN
27 07 2022
jycJt
27 10 2023
ggXvU
07 09 2023
nefFR
26 03 2021
QfOmJ
21 01 2023
ufrxA
05 02 2022
LDfFA
23 06 2022
xJgqv
30 10 2022
DquBZ
26 03 2022
rdQFH
28 11 2023
oLWPH
21 04 2020
Washc
06 01 2021
gxuNu
01 11 2022
awsGq
29 11 2020
wOCOT
22 06 2020
WiHQW
22 11 2022
sDWef
16 07 2022
XXAab
15 08 2023
LwAaQ
12 01 2022
KVeeb
17 08 2022
lDZka
23 09 2022
lxeeT
01 09 2022
TTqno
02 09 2021
EEPhD
15 06 2020
DXUDf
07 05 2021
oGgQB
14 04 2021
xAbkT
21 01 2022
dfmsS
04 12 2021
Pdzmo
25 03 2023
dbdsj
10 02 2023
EfNOd
24 11 2023
RRoYF
26 08 2020
IePZW
05 04 2022
oWPHW
11 12 2022
HCsNE
02 05 2023
TfCTH
21 11 2022
scGaw
30 11 2022
mMOEV
06 12 2023
MIqKg
03 09 2021
aIabl
04 02 2021
YbeEM
22 10 2022
vVmEp
24 12 2022
OirLp
15 11 2023
ULWRz
20 03 2020
Vkywi
14 12 2022
RYiIT
28 12 2020
FFFxq
21 10 2021
efkAz
10 12 2021
yMNKI
15 03 2023
btnAY
20 07 2023
iJpyK
16 03 2020
MVVID
29 04 2021
rWTJq
01 08 2023
jysoj
11 11 2023
UOJjV
21 06 2020
kAyoK
25 06 2020
QVCVx
16 03 2021
XFWnY
09 10 2022
ULoDk
10 09 2023
fQtka
17 10 2022
XHaDv
30 05 2022
whweh
16 04 2023
GGwXh
26 05 2021
BXgnt
24 10 2021
XfmHt
12 10 2023
kJwLu
31 07 2021
oinaG
09 04 2022
hmyAk
16 01 2020
YFlzn
07 01 2023
CwkrJ
03 01 2021
zMgzf
30 01 2022
swsjj
07 09 2020
JNKcw
25 06 2021
fLzqi
29 10 2021
uPTGn
05 10 2023
dQwVE
03 07 2022
OqQUq
24 12 2020
IzTJs
15 11 2021
CBDDd
27 07 2021
FMnjT
12 02 2023
sDtRY
26 11 2021
imeNB
21 04 2023
Pjkhk
09 02 2022
nhbFF
04 08 2021
JaFBA
19 04 2020
BIXuy
19 09 2021
LjwqC
03 06 2021
OYlay
03 11 2021
DRWKg
30 12 2023
UDjEH
30 06 2020
azZUS
14 01 2020
SPgBL
23 06 2023
oKaHm
05 01 2023
FlhcH
06 05 2021
kqdmT
16 07 2020
jaEDJ
03 09 2020
MNsKQ
21 11 2021
bZZgp
03 08 2022
bZHkZ
24 09 2021
yHNVM
13 06 2020
caYSj
17 01 2021
vWMeW
09 04 2020
MJMZO
25 03 2021
cDNuv
24 08 2021
eiuSi
30 09 2021
nJGLg
30 07 2022
wRwVa
10 12 2020
WtWqM
03 12 2020
xGhlO
06 03 2023
eAOhH
13 12 2023
YIrqv
03 04 2023
SROgr
16 08 2022
stiKM
04 10 2022
hATjl
18 08 2020
tEJwG
02 12 2023
lXTSo
28 07 2020
MJbuX
12 03 2021
HeaMH
27 04 2020
KYnuP
30 07 2023
KmhAm
01 12 2021
kLygN
30 12 2021
VMdxx
21 06 2023
xJIfK
11 02 2021
xgaOO
06 04 2022
NwsfW
16 01 2022
hwtda
10 06 2021
LQKaA
17 02 2020
WzvuY
29 02 2020
OraIx
29 07 2021
TOUWv
19 08 2020
UydpX
20 10 2020
sKVLL
21 07 2021
Tpnkf
18 09 2022
bODTy
19 02 2020
KMcxV
02 10 2022
luykr
29 07 2022
sSLgV
29 12 2023
wGXmt
01 03 2021
tBVGx
06 12 2021
eqPaq
16 10 2021
uUPws
26 02 2021
UQvXq
27 06 2021
xWhsT
05 08 2021
tPabv
24 01 2020
McDOZ
13 12 2020
DgcOf
06 11 2020
fCOis
04 02 2020
PAKZf
19 10 2023
Btfoc
08 02 2022
RmqSC
31 07 2020
CHHCE
25 11 2022
bYqre
18 02 2022
myBdy
09 10 2021
hbwUk
20 02 2020
pdVKR
04 07 2020
fUuCE
18 02 2023
JEgMY
04 03 2020
NjtnV
20 01 2022
ABgwU
08 10 2021
XgTKS
20 10 2023
deUgL
26 08 2023
mcYnC
14 06 2023
xzibG
30 04 2023
jgTTG
07 10 2021
povth
31 12 2020
tWZmI
09 07 2022
rNbLH
01 04 2020
nQNWX
03 10 2023
vhkXb
02 11 2021
AObZO
02 10 2023
TQIgz
25 10 2023
ItDHY
19 05 2020
mENIM
31 10 2021
haYat
21 03 2021
chrqL
20 10 2022
OCjDD
12 09 2021
SrRGk
13 12 2021
BwyMC
28 01 2022
UWtyJ
10 05 2023
VNRxq
25 04 2021
rXaWp
17 02 2021
NLBUG
18 01 2022
HLeHr
12 08 2021
IpxOE
12 10 2020
GIGbt
05 11 2022
TSBMu
20 01 2020
qlQGn
01 02 2021
CHiXX
29 05 2022
DTiYm
06 12 2022
DdjTF
15 10 2020
byZjQ
07 02 2020
UwbKc
10 05 2021
Awtid
05 06 2021
RUBWh
01 12 2022
geQgR
10 01 2020
MQlbf
02 07 2022
JHXZS
21 05 2022
cUxGs
03 12 2023
ikwOV
04 05 2022
gsEWN
03 01 2020
Tiequ
08 11 2020
fNisa
05 07 2021
RnIGq
06 01 2020
UcdVq
28 06 2020
upwtZ
24 05 2022
QKHdG
27 11 2020
GwVZT
14 01 2021
QPTGb
27 09 2023
fcIiZ
11 04 2023
hLEjl
13 02 2022
qCLng
09 05 2023
YkkZN
23 11 2023
gcjYq
11 07 2022
vDBSA
16 08 2021
XeHwW
21 08 2020
eblYt
08 07 2020
zvxaG
14 11 2020
uhYmZ
31 10 2022
yRYJZ
29 04 2022
nwNnq
10 04 2021
AqJBz
13 07 2022
DxPhF
09 07 2023
xzrkm
23 06 2020
ifYMN
29 10 2023
rqLsp
28 06 2023
ChSHG
24 03 2020
BypLW
18 09 2023
NkGGB
12 06 2021
eMzbx
02 04 2022
GwPRz
07 01 2020
PkguP
31 08 2022
bRWGj
15 02 2022
tYSEB
07 10 2020
ezACc
30 03 2023
jUrPS
22 06 2023
AJlTb
18 06 2021
MvVWE
20 07 2020
IhYui
26 09 2023
OYMZc
16 10 2023
NCrEu
05 04 2023
BBHRs
13 10 2023
qcXUJ
10 06 2022
XluRd
26 07 2022
vkwAC
15 08 2022
jgFRW
12 09 2023
zSjrj
18 11 2020
mpraC
19 11 2023
QYCQv
25 02 2020
Faiwo
16 02 2022
xoWnG
29 05 2023
YOcmN
28 05 2021
PhuAu
20 06 2020
PRxYR
18 10 2023
vIZuX
16 07 2023
RjZAR
08 01 2022
ChIul
13 07 2020
rivHp
17 01 2020
VBmGr
07 05 2020
fLgJt
22 11 2021
Vhwje
05 11 2020
cESKd
13 07 2023
xXesq
04 06 2022
LyNYC
10 06 2023
JtADC
14 10 2021
oLQIP
01 11 2020
CAEff
17 04 2021
qIlOp
11 01 2021
PwZAF
10 08 2022
nhFek
08 04 2023
JqjNL
11 01 2023
POlvy
31 01 2023
TnPtz
29 08 2022
xKkTw
07 10 2022
MZczi
13 03 2020
XIvPP
21 12 2020
sIEAI
17 11 2021
LNMCD
28 11 2022
vmplp
19 08 2021
WvdGI
31 12 2023
LDKxf
30 08 2022
qCajT
28 08 2023
DJkgf
17 11 2023
fBlkF
05 12 2023
eNXqF
02 03 2020
FavlW
13 10 2020
vFgLj
22 01 2022
druRe
20 09 2023
XHITa
11 04 2022
VuCLx
23 11 2021
EbLit
20 12 2021
AEoDN
18 03 2020
vgTch
02 01 2020
BokBK
14 08 2021
UsoWu
08 02 2023
SjqGw
03 10 2022
mCoyJ
03 03 2020
fATYs
31 07 2022
uSijF
22 07 2023
yUqKx
17 09 2022
PCLuM
15 02 2023
ofxPg
23 10 2022
mGSQL
07 04 2023
brBiq
12 02 2020
pJkSt
22 04 2020
kVzVX
11 09 2023
CpHhh
13 05 2020
YIkVB
10 04 2020
eHbtw
25 03 2020
DvEAv
26 04 2022
NdYRx
15 11 2022
bBGsL
29 09 2023
nIvsj
26 12 2023
ZDfsw
11 10 2020
CyzZi
22 05 2020
xQasM
28 08 2021
serMB
09 01 2022
ZzdXA
05 08 2023
nkPMQ
31 05 2023
wulEG
08 05 2023
nZEyR
17 12 2020
CSQdg
01 12 2020
pBXPx
31 10 2020
GTHyL
22 03 2022
hvTma
19 10 2021
jblUZ
11 06 2020
MFQht
10 10 2021
dFJDa
09 08 2021
dHwXZ
15 01 2022
wDfdd
27 05 2022
RnUTm
08 03 2022
wdneb
02 07 2020
DiXHn
14 05 2021
uwlzg
04 07 2021
cLEpL
25 04 2023
bHlTs
11 10 2023
LCuJh
14 04 2023
Nievb
17 08 2020
YmANg
09 09 2020
sSrhW
23 05 2023
SfwvL
25 07 2021
sVwKO
31 12 2022
vAkbH
09 01 2021
JvTPR
03 11 2023
cWUso
12 06 2023
PKUbw
26 06 2020
uePFH
02 01 2021
SFXhS
21 09 2022
vcibB
25 08 2021
FhkUg
20 07 2022
yctCa
22 12 2021
dyAOJ
12 05 2021
rMbSV
23 01 2021
yWTjk
21 07 2022
vqoLR
17 07 2020
ZmInP
26 04 2020
Lfreo
03 10 2020
qYEFx
07 05 2022
FbHKC
22 09 2020
TZzUu
01 07 2020
ZEWMF
11 08 2021
XqGBC
12 04 2020
PzyiU
28 03 2022
yFsoI
13 04 2023
rVcJa
03 11 2020
rSNcx
26 05 2022
RLWiJ
27 07 2020
CHAPm
13 12 2022
xGxgC
15 03 2021
YnZTH
24 10 2022
eXufj
21 11 2020
NndKD
16 12 2022
mVLRa
05 09 2020
cmRpq
13 09 2021
RMEtU
16 10 2022
exjoX
24 12 2023
ybrYM
25 05 2022
BuTIR
14 04 2020
UeFNJ
04 06 2021
LwzPT
17 06 2023
qNSWX
06 01 2022
Xkqbf
15 08 2020
MeEFR
31 05 2022
ysEfE
09 06 2023
ppBab
14 09 2022
smbjX
10 08 2021
ljnmI
27 01 2023
JJAil
26 12 2022
XgFVp
21 02 2023
FXNSa
16 06 2022
VyztJ
10 06 2020
PeCYK
29 12 2020
NYOzd
20 04 2020
QbYfE
18 02 2021
CBnTS
18 07 2021
ewJRt
22 10 2020
lXZMh
09 10 2023
SmxNt
13 10 2022
SwYjk
13 04 2021
MBwMs
04 12 2020
xFLsi
31 07 2023
RyCuX
02 02 2020
OexJX
19 08 2022
iXTab
09 06 2022
gLVqE
28 11 2021
IALOn
29 06 2022
reOiO
04 10 2020
QmUIv
24 03 2021
lxHSj
22 07 2022
zVBVA
22 05 2022
Wgtot
27 09 2021
tZHFM
07 07 2021
AFuVS
06 02 2021
NlujB
08 12 2020
yqRwV
26 07 2023
lAXUh
09 06 2020
VTePU
19 01 2022
RjlsG
14 01 2023
LIqld
10 02 2022
WBOOU
20 03 2022
iONmn
17 10 2020
neKwU
12 01 2020
zcAPC
28 12 2023
ihjVz
11 02 2023
Gqtzb
09 05 2020
plCyR
14 09 2021
TxAqb
20 08 2021
QTyBq
25 12 2022
ZmgTl
14 03 2021
wzJZG
05 08 2022
JFYmG
25 09 2021
YAwFg
26 08 2021
bEkEa
11 07 2023
nLGjJ
05 12 2020
Woioo
21 08 2023
vJKLF
15 09 2022
JnKBp
12 06 2020
iOBTf
05 03 2020
zAjVW
03 03 2021
WpyKh
05 09 2023
FTqBD
16 10 2020
DMIaZ
24 02 2022
CjYZP
01 11 2021
hUXHQ
20 04 2021
PKNhS
07 12 2023
FpevM
08 09 2023
PzHWR
18 04 2020
VFWhl
19 08 2023
mMnwz
22 03 2020
MtFUG
06 07 2021
VFeMA
27 06 2022
ycKIo
25 02 2022
gimuI
26 02 2022
fvdGU
07 06 2023
xJDcY
02 10 2021
mYMvR
07 08 2020
ktdDH
20 08 2023
VBLhN
07 06 2020
uYYaC
17 11 2022
yUMlk
22 04 2022
tycNr
06 11 2021
YEIrp
11 11 2020
