afile_
20 11 2002
bfile__
20 10 2002
aafile___
10 5 2002
cfile____
21 2 2002
ifile_____
22 1 2002
bbfile______
9 9 2002
file_______
20 9 2002
ofile________
13 11 2002
pfile_________
22 5 2002
ile__________
22 12 2002
ttfile___________
21 11 2002
rfile____________
20 10 2002
ccfile_____________
21 11 2003
tfile______________
30 11 2004
ufile_______________
3 12 2001
uufile________________
2 4 2000
yfile_________________
24 8 2002
ddfile__________________
20 11 2002
dfile___________________
4 4 2000
efile____________________
21 10 2005
fffile_____________________
17 8 2005
ffile______________________
12 12 2012
eefile_______________________
11 10 2200
gfile________________________
10 11 2020
afile_________________________
20 11 2002
bfile__________________________
20 10 2002
aafile___________________________
10 5 2002
cfile____________________________
21 2 2002
ifile_____________________________
22 1 2002
bbfile______________________________
9 9 2002
file_______________________________
20 9 2002
ofile________________________________
13 11 2002
pfile_________________________________
22 5 2002
ile__________________________________
22 12 2002
ttfile___________________________________
21 11 2002
rfile____________________________________
20 10 2002
ccfile_____________________________________
21 11 2003
tfile______________________________________
30 11 2004
ufile_______________________________________
3 12 2001
uufile________________________________________
2 4 2000
yfile_________________________________________
24 8 2002
ddfile__________________________________________
20 11 2002
dfile___________________________________________
4 4 2000
efile____________________________________________
21 10 2005
fffile_____________________________________________
17 8 2005
ffile______________________________________________
12 12 2012
eefile_______________________________________________
11 10 2200
gfile________________________________________________
10 11 2020
afile_________________________________________________
20 11 2002
bfile__________________________________________________
20 10 2002
aafile___________________________________________________
10 5 2002
cfile____________________________________________________
21 2 2002
ifile_____________________________________________________
22 1 2002
bbfile______________________________________________________
9 9 2002
file_______________________________________________________
20 9 2002
ofile________________________________________________________
13 11 2002
pfile_________________________________________________________
22 5 2002
ile__________________________________________________________
22 12 2002
ttfile___________________________________________________________
21 11 2002
rfile____________________________________________________________
20 10 2002
ccfile_____________________________________________________________
21 11 2003
tfile______________________________________________________________
30 11 2004
ufile_______________________________________________________________
3 12 2001
uufile________________________________________________________________
2 4 2000
yfile_________________________________________________________________
24 8 2002
ddfile__________________________________________________________________
20 11 2002
dfile___________________________________________________________________
4 4 2000
efile____________________________________________________________________
21 10 2005
fffile_____________________________________________________________________
17 8 2005
ffile______________________________________________________________________
12 12 2012
eefile_______________________________________________________________________
11 10 2200
gfile________________________________________________________________________
10 11 2020
afile_________________________________________________________________________
20 11 2002
bfile__________________________________________________________________________
20 10 2002
aafile___________________________________________________________________________
10 5 2002
cfile____________________________________________________________________________
21 2 2002
ifile_____________________________________________________________________________
22 1 2002
bbfile______________________________________________________________________________
9 9 2002
file_______________________________________________________________________________
20 9 2002
ofile________________________________________________________________________________
13 11 2002
pfile_________________________________________________________________________________
22 5 2002
ile__________________________________________________________________________________
22 12 2002
ttfile___________________________________________________________________________________
21 11 2002
rfile____________________________________________________________________________________
20 10 2002
ccfile_____________________________________________________________________________________
21 11 2003
tfile______________________________________________________________________________________
30 11 2004
ufile_______________________________________________________________________________________
3 12 2001
uufile________________________________________________________________________________________
2 4 2000
yfile_________________________________________________________________________________________
24 8 2002
ddfile__________________________________________________________________________________________
20 11 2002
dfile___________________________________________________________________________________________
4 4 2000
efile____________________________________________________________________________________________
21 10 2005
fffile_____________________________________________________________________________________________
17 8 2005
ffile______________________________________________________________________________________________
12 12 2012
eefile_______________________________________________________________________________________________
11 10 2200
gfile________________________________________________________________________________________________
10 11 2020
afile_________________________________________________________________________________________________
20 11 2002
bfile__________________________________________________________________________________________________
20 10 2002
aafile___________________________________________________________________________________________________
10 5 2002
cfile_
21 2 2002
ifile__
22 1 2002
bbfile___
9 9 2002
file____
20 9 2002
ofile_____
13 11 2002
pfile______
22 5 2002
ile_______
22 12 2002
ttfile________
21 11 2002
rfile_________
20 10 2002
ccfile__________
21 11 2003
tfile___________
30 11 2004
ufile____________
3 12 2001
uufile_____________
2 4 2000
yfile______________
24 8 2002
ddfile_______________
20 11 2002
dfile________________
4 4 2000
efile_________________
21 10 2005
fffile__________________
17 8 2005
ffile___________________
12 12 2012
eefile____________________
11 10 2200
gfile_____________________
10 11 2020
afile______________________
20 11 2002
bfile_______________________
20 10 2002
aafile________________________
10 5 2002
cfile_________________________
21 2 2002
ifile__________________________
22 1 2002
bbfile___________________________
9 9 2002
file____________________________
20 9 2002
ofile_____________________________
13 11 2002
pfile______________________________
22 5 2002
ile_______________________________
22 12 2002
ttfile________________________________
21 11 2002
rfile_________________________________
20 10 2002
ccfile__________________________________
21 11 2003
tfile___________________________________
30 11 2004
ufile____________________________________
3 12 2001
uufile_____________________________________
2 4 2000
yfile______________________________________
24 8 2002
ddfile_______________________________________
20 11 2002
dfile________________________________________
4 4 2000
efile_________________________________________
21 10 2005
fffile__________________________________________
17 8 2005
ffile___________________________________________
12 12 2012
eefile____________________________________________
11 10 2200
gfile_____________________________________________
10 11 2020
afile______________________________________________
20 11 2002
bfile_______________________________________________
20 10 2002
aafile________________________________________________
10 5 2002
cfile_________________________________________________
21 2 2002
ifile__________________________________________________
22 1 2002
bbfile___________________________________________________
9 9 2002
file____________________________________________________
20 9 2002
ofile_____________________________________________________
13 11 2002
pfile______________________________________________________
22 5 2002
ile_______________________________________________________
22 12 2002
ttfile________________________________________________________
21 11 2002
rfile_________________________________________________________
20 10 2002
ccfile__________________________________________________________
21 11 2003
tfile___________________________________________________________
30 11 2004
ufile____________________________________________________________
3 12 2001
uufile_____________________________________________________________
2 4 2000
yfile______________________________________________________________
24 8 2002
ddfile_______________________________________________________________
20 11 2002
dfile________________________________________________________________
4 4 2000
efile_________________________________________________________________
21 10 2005
fffile__________________________________________________________________
17 8 2005
ffile___________________________________________________________________
12 12 2012
eefile____________________________________________________________________
11 10 2200
gfile_____________________________________________________________________
10 11 2020
afile______________________________________________________________________
20 11 2002
bfile_______________________________________________________________________
20 10 2002
aafile________________________________________________________________________
10 5 2002
cfile_________________________________________________________________________
21 2 2002
ifile__________________________________________________________________________
22 1 2002
bbfile___________________________________________________________________________
9 9 2002
file____________________________________________________________________________
20 9 2002
ofile_____________________________________________________________________________
13 11 2002
pfile______________________________________________________________________________
22 5 2002
ile_______________________________________________________________________________
22 12 2002
ttfile________________________________________________________________________________
21 11 2002
rfile_________________________________________________________________________________
20 10 2002
ccfile__________________________________________________________________________________
21 11 2003
tfile___________________________________________________________________________________
30 11 2004
ufile____________________________________________________________________________________
3 12 2001
uufile_____________________________________________________________________________________
2 4 2000
yfile______________________________________________________________________________________
24 8 2002
ddfile_______________________________________________________________________________________
20 11 2002
dfile________________________________________________________________________________________
4 4 2000
efile_________________________________________________________________________________________
21 10 2005
fffile__________________________________________________________________________________________
17 8 2005
ffile___________________________________________________________________________________________
12 12 2012
eefile____________________________________________________________________________________________
11 10 2200
gfile_____________________________________________________________________________________________
10 11 2020
afile______________________________________________________________________________________________
20 11 2002
bfile_______________________________________________________________________________________________
20 10 2002
aafile________________________________________________________________________________________________
10 5 2002
cfile_________________________________________________________________________________________________
21 2 2002
ifile__________________________________________________________________________________________________
22 1 2002
bbfile___________________________________________________________________________________________________
9 9 2002
file_
20 9 2002
ofile__
13 11 2002
pfile___
22 5 2002
ile____
22 12 2002
ttfile_____
21 11 2002
rfile______
20 10 2002
ccfile_______
21 11 2003
tfile________
30 11 2004
ufile_________
3 12 2001
uufile__________
2 4 2000
yfile___________
24 8 2002
ddfile____________
20 11 2002
dfile_____________
4 4 2000
efile______________
21 10 2005
fffile_______________
17 8 2005
ffile________________
12 12 2012
eefile_________________
11 10 2200
gfile__________________
10 11 2020
afile___________________
20 11 2002
bfile____________________
20 10 2002
aafile_____________________
10 5 2002
cfile______________________
21 2 2002
ifile_______________________
22 1 2002
bbfile________________________
9 9 2002
file_________________________
20 9 2002
ofile__________________________
13 11 2002
pfile___________________________
22 5 2002
ile____________________________
22 12 2002
ttfile_____________________________
21 11 2002
rfile______________________________
20 10 2002
ccfile_______________________________
21 11 2003
tfile________________________________
30 11 2004
ufile_________________________________
3 12 2001
uufile__________________________________
2 4 2000
yfile___________________________________
24 8 2002
ddfile____________________________________
20 11 2002
dfile_____________________________________
4 4 2000
efile______________________________________
21 10 2005
fffile_______________________________________
17 8 2005
ffile________________________________________
12 12 2012
eefile_________________________________________
11 10 2200
gfile__________________________________________
10 11 2020
afile___________________________________________
20 11 2002
bfile____________________________________________
20 10 2002
aafile_____________________________________________
10 5 2002
cfile______________________________________________
21 2 2002
ifile_______________________________________________
22 1 2002
bbfile________________________________________________
9 9 2002
file_________________________________________________
20 9 2002
ofile__________________________________________________
13 11 2002
pfile___________________________________________________
22 5 2002
ile____________________________________________________
22 12 2002
ttfile_____________________________________________________
21 11 2002
rfile______________________________________________________
20 10 2002
ccfile_______________________________________________________
21 11 2003
tfile________________________________________________________
30 11 2004
ufile_________________________________________________________
3 12 2001
uufile__________________________________________________________
2 4 2000
yfile___________________________________________________________
24 8 2002
ddfile____________________________________________________________
20 11 2002
dfile_____________________________________________________________
4 4 2000
efile______________________________________________________________
21 10 2005
fffile_______________________________________________________________
17 8 2005
ffile________________________________________________________________
12 12 2012
eefile_________________________________________________________________
11 10 2200
gfile__________________________________________________________________
10 11 2020
afile___________________________________________________________________
20 11 2002
bfile____________________________________________________________________
20 10 2002
aafile_____________________________________________________________________
10 5 2002
cfile______________________________________________________________________
21 2 2002
ifile_______________________________________________________________________
22 1 2002
bbfile________________________________________________________________________
9 9 2002
file_________________________________________________________________________
20 9 2002
ofile__________________________________________________________________________
13 11 2002
pfile___________________________________________________________________________
22 5 2002
ile____________________________________________________________________________
22 12 2002
ttfile_____________________________________________________________________________
21 11 2002
rfile______________________________________________________________________________
20 10 2002
ccfile_______________________________________________________________________________
21 11 2003
tfile________________________________________________________________________________
30 11 2004
ufile_________________________________________________________________________________
3 12 2001
uufile__________________________________________________________________________________
2 4 2000
yfile___________________________________________________________________________________
24 8 2002
ddfile____________________________________________________________________________________
20 11 2002
dfile_____________________________________________________________________________________
4 4 2000
efile______________________________________________________________________________________
21 10 2005
fffile_______________________________________________________________________________________
17 8 2005
ffile________________________________________________________________________________________
12 12 2012
eefile_________________________________________________________________________________________
11 10 2200
gfile__________________________________________________________________________________________
10 11 2020
afile___________________________________________________________________________________________
20 11 2002
bfile____________________________________________________________________________________________
20 10 2002
aafile_____________________________________________________________________________________________
10 5 2002
cfile______________________________________________________________________________________________
21 2 2002
ifile_______________________________________________________________________________________________
22 1 2002
bbfile________________________________________________________________________________________________
9 9 2002
file_________________________________________________________________________________________________
20 9 2002
ofile__________________________________________________________________________________________________
13 11 2002
pfile___________________________________________________________________________________________________
22 5 2002
ile_
22 12 2002
ttfile__
21 11 2002
rfile___
20 10 2002
ccfile____
21 11 2003
tfile_____
30 11 2004
ufile______
3 12 2001
uufile_______
2 4 2000
yfile________
24 8 2002
ddfile_________
20 11 2002
dfile__________
4 4 2000
efile___________
21 10 2005
fffile____________
17 8 2005
ffile_____________
12 12 2012
eefile______________
11 10 2200
gfile_______________
10 11 2020
afile________________
20 11 2002
bfile_________________
20 10 2002
aafile__________________
10 5 2002
cfile___________________
21 2 2002
ifile____________________
22 1 2002
bbfile_____________________
9 9 2002
file______________________
20 9 2002
ofile_______________________
13 11 2002
pfile________________________
22 5 2002
ile_________________________
22 12 2002
ttfile__________________________
21 11 2002
rfile___________________________
20 10 2002
ccfile____________________________
21 11 2003
tfile_____________________________
30 11 2004
ufile______________________________
3 12 2001
uufile_______________________________
2 4 2000
yfile________________________________
24 8 2002
ddfile_________________________________
20 11 2002
dfile__________________________________
4 4 2000
efile___________________________________
21 10 2005
fffile____________________________________
17 8 2005
ffile_____________________________________
12 12 2012
eefile______________________________________
11 10 2200
gfile_______________________________________
10 11 2020
afile________________________________________
20 11 2002
bfile_________________________________________
20 10 2002
aafile__________________________________________
10 5 2002
cfile___________________________________________
21 2 2002
ifile____________________________________________
22 1 2002
bbfile_____________________________________________
9 9 2002
file______________________________________________
20 9 2002
ofile_______________________________________________
13 11 2002
pfile________________________________________________
22 5 2002
ile_________________________________________________
22 12 2002
ttfile__________________________________________________
21 11 2002
rfile___________________________________________________
20 10 2002
ccfile____________________________________________________
21 11 2003
tfile_____________________________________________________
30 11 2004
ufile______________________________________________________
3 12 2001
uufile_______________________________________________________
2 4 2000
yfile________________________________________________________
24 8 2002
ddfile_________________________________________________________
20 11 2002
dfile__________________________________________________________
4 4 2000
efile___________________________________________________________
21 10 2005
fffile____________________________________________________________
17 8 2005
ffile_____________________________________________________________
12 12 2012
eefile______________________________________________________________
11 10 2200
gfile_______________________________________________________________
10 11 2020
afile________________________________________________________________
20 11 2002
bfile_________________________________________________________________
20 10 2002
aafile__________________________________________________________________
10 5 2002
cfile___________________________________________________________________
21 2 2002
ifile____________________________________________________________________
22 1 2002
bbfile_____________________________________________________________________
9 9 2002
file______________________________________________________________________
20 9 2002
ofile_______________________________________________________________________
13 11 2002
pfile________________________________________________________________________
22 5 2002
ile_________________________________________________________________________
22 12 2002
ttfile__________________________________________________________________________
21 11 2002
rfile___________________________________________________________________________
20 10 2002
ccfile____________________________________________________________________________
21 11 2003
tfile_____________________________________________________________________________
30 11 2004
ufile______________________________________________________________________________
3 12 2001
uufile_______________________________________________________________________________
2 4 2000
yfile________________________________________________________________________________
24 8 2002
ddfile_________________________________________________________________________________
20 11 2002
dfile__________________________________________________________________________________
4 4 2000
efile___________________________________________________________________________________
21 10 2005
fffile____________________________________________________________________________________
17 8 2005
ffile_____________________________________________________________________________________
12 12 2012
eefile______________________________________________________________________________________
11 10 2200
gfile_______________________________________________________________________________________
10 11 2020
afile________________________________________________________________________________________
20 11 2002
bfile_________________________________________________________________________________________
20 10 2002
aafile__________________________________________________________________________________________
10 5 2002
cfile___________________________________________________________________________________________
21 2 2002
ifile____________________________________________________________________________________________
22 1 2002
bbfile_____________________________________________________________________________________________
9 9 2002
file______________________________________________________________________________________________
20 9 2002
ofile_______________________________________________________________________________________________
13 11 2002
pfile________________________________________________________________________________________________
22 5 2002
ile_________________________________________________________________________________________________
22 12 2002
ttfile__________________________________________________________________________________________________
21 11 2002
rfile___________________________________________________________________________________________________
20 10 2002
ccfile_
21 11 2003
tfile__
30 11 2004
ufile___
3 12 2001
uufile____
2 4 2000
yfile_____
24 8 2002
ddfile______
20 11 2002
dfile_______
4 4 2000
efile________
21 10 2005
fffile_________
17 8 2005
ffile__________
12 12 2012
eefile___________
11 10 2200
gfile____________
10 11 2020
afile_____________
20 11 2002
bfile______________
20 10 2002
aafile_______________
10 5 2002
cfile________________
21 2 2002
ifile_________________
22 1 2002
bbfile__________________
9 9 2002
file___________________
20 9 2002
ofile____________________
13 11 2002
pfile_____________________
22 5 2002
ile______________________
22 12 2002
ttfile_______________________
21 11 2002
rfile________________________
20 10 2002
ccfile_________________________
21 11 2003
tfile__________________________
30 11 2004
ufile___________________________
3 12 2001
uufile____________________________
2 4 2000
yfile_____________________________
24 8 2002
ddfile______________________________
20 11 2002
dfile_______________________________
4 4 2000
efile________________________________
21 10 2005
fffile_________________________________
17 8 2005
ffile__________________________________
12 12 2012
eefile___________________________________
11 10 2200
gfile____________________________________
10 11 2020
afile_____________________________________
20 11 2002
bfile______________________________________
20 10 2002
aafile_______________________________________
10 5 2002
cfile________________________________________
21 2 2002
ifile_________________________________________
22 1 2002
bbfile__________________________________________
9 9 2002
file___________________________________________
20 9 2002
ofile____________________________________________
13 11 2002
pfile_____________________________________________
22 5 2002
ile______________________________________________
22 12 2002
ttfile_______________________________________________
21 11 2002
rfile________________________________________________
20 10 2002
ccfile_________________________________________________
21 11 2003
tfile__________________________________________________
30 11 2004
ufile___________________________________________________
3 12 2001
uufile____________________________________________________
2 4 2000
yfile_____________________________________________________
24 8 2002
ddfile______________________________________________________
20 11 2002
dfile_______________________________________________________
4 4 2000
efile________________________________________________________
21 10 2005
fffile_________________________________________________________
17 8 2005
ffile__________________________________________________________
12 12 2012
eefile___________________________________________________________
11 10 2200
gfile____________________________________________________________
10 11 2020
afile_____________________________________________________________
20 11 2002
bfile______________________________________________________________
20 10 2002
aafile_______________________________________________________________
10 5 2002
cfile________________________________________________________________
21 2 2002
ifile_________________________________________________________________
22 1 2002
bbfile__________________________________________________________________
9 9 2002
file___________________________________________________________________
20 9 2002
ofile____________________________________________________________________
13 11 2002
pfile_____________________________________________________________________
22 5 2002
ile______________________________________________________________________
22 12 2002
ttfile_______________________________________________________________________
21 11 2002
rfile________________________________________________________________________
20 10 2002
ccfile_________________________________________________________________________
21 11 2003
tfile__________________________________________________________________________
30 11 2004
ufile___________________________________________________________________________
3 12 2001
uufile____________________________________________________________________________
2 4 2000
yfile_____________________________________________________________________________
24 8 2002
ddfile______________________________________________________________________________
20 11 2002
dfile_______________________________________________________________________________
4 4 2000
efile________________________________________________________________________________
21 10 2005
fffile_________________________________________________________________________________
17 8 2005
ffile__________________________________________________________________________________
12 12 2012
eefile___________________________________________________________________________________
11 10 2200
gfile____________________________________________________________________________________
10 11 2020
afile_____________________________________________________________________________________
20 11 2002
bfile______________________________________________________________________________________
20 10 2002
aafile_______________________________________________________________________________________
10 5 2002
cfile________________________________________________________________________________________
21 2 2002
ifile_________________________________________________________________________________________
22 1 2002
bbfile__________________________________________________________________________________________
9 9 2002
file___________________________________________________________________________________________
20 9 2002
ofile____________________________________________________________________________________________
13 11 2002
pfile_____________________________________________________________________________________________
22 5 2002
ile______________________________________________________________________________________________
22 12 2002
ttfile_______________________________________________________________________________________________
21 11 2002
rfile________________________________________________________________________________________________
20 10 2002
ccfile_________________________________________________________________________________________________
21 11 2003
tfile__________________________________________________________________________________________________
30 11 2004
ufile___________________________________________________________________________________________________
3 12 2001
uufile_
2 4 2000
yfile__
24 8 2002
ddfile___
20 11 2002
dfile____
4 4 2000
efile_____
21 10 2005
fffile______
17 8 2005
ffile_______
12 12 2012
eefile________
11 10 2200
gfile_________
10 11 2020
afile__________
20 11 2002
bfile___________
20 10 2002
aafile____________
10 5 2002
cfile_____________
21 2 2002
ifile______________
22 1 2002
bbfile_______________
9 9 2002
file________________
20 9 2002
ofile_________________
13 11 2002
pfile__________________
22 5 2002
ile___________________
22 12 2002
ttfile____________________
21 11 2002
rfile_____________________
20 10 2002
ccfile______________________
21 11 2003
tfile_______________________
30 11 2004
ufile________________________
3 12 2001
uufile_________________________
2 4 2000
yfile__________________________
24 8 2002
ddfile___________________________
20 11 2002
dfile____________________________
4 4 2000
efile_____________________________
21 10 2005
fffile______________________________
17 8 2005
ffile_______________________________
12 12 2012
eefile________________________________
11 10 2200
gfile_________________________________
10 11 2020
afile__________________________________
20 11 2002
bfile___________________________________
20 10 2002
aafile____________________________________
10 5 2002
cfile_____________________________________
21 2 2002
ifile______________________________________
22 1 2002
bbfile_______________________________________
9 9 2002
file________________________________________
20 9 2002
ofile_________________________________________
13 11 2002
pfile__________________________________________
22 5 2002
ile___________________________________________
22 12 2002
ttfile____________________________________________
21 11 2002
rfile_____________________________________________
20 10 2002
ccfile______________________________________________
21 11 2003
tfile_______________________________________________
30 11 2004
ufile________________________________________________
3 12 2001
uufile_________________________________________________
2 4 2000
yfile__________________________________________________
24 8 2002
ddfile___________________________________________________
20 11 2002
dfile____________________________________________________
4 4 2000
efile_____________________________________________________
21 10 2005
fffile______________________________________________________
17 8 2005
ffile_______________________________________________________
12 12 2012
eefile________________________________________________________
11 10 2200
gfile_________________________________________________________
10 11 2020
afile__________________________________________________________
20 11 2002
bfile___________________________________________________________
20 10 2002
aafile____________________________________________________________
10 5 2002
cfile_____________________________________________________________
21 2 2002
ifile______________________________________________________________
22 1 2002
bbfile_______________________________________________________________
9 9 2002
file________________________________________________________________
20 9 2002
ofile_________________________________________________________________
13 11 2002
pfile__________________________________________________________________
22 5 2002
ile___________________________________________________________________
22 12 2002
ttfile____________________________________________________________________
21 11 2002
rfile_____________________________________________________________________
20 10 2002
ccfile______________________________________________________________________
21 11 2003
tfile_______________________________________________________________________
30 11 2004
ufile________________________________________________________________________
3 12 2001
uufile_________________________________________________________________________
2 4 2000
yfile__________________________________________________________________________
24 8 2002
ddfile___________________________________________________________________________
20 11 2002
dfile____________________________________________________________________________
4 4 2000
efile_____________________________________________________________________________
21 10 2005
fffile______________________________________________________________________________
17 8 2005
ffile_______________________________________________________________________________
12 12 2012
eefile________________________________________________________________________________
11 10 2200
gfile_________________________________________________________________________________
10 11 2020
afile__________________________________________________________________________________
20 11 2002
bfile___________________________________________________________________________________
20 10 2002
aafile____________________________________________________________________________________
10 5 2002
cfile_____________________________________________________________________________________
21 2 2002
ifile______________________________________________________________________________________
22 1 2002
bbfile_______________________________________________________________________________________
9 9 2002
file________________________________________________________________________________________
20 9 2002
ofile_________________________________________________________________________________________
13 11 2002
pfile__________________________________________________________________________________________
22 5 2002
ile___________________________________________________________________________________________
22 12 2002
ttfile____________________________________________________________________________________________
21 11 2002
rfile_____________________________________________________________________________________________
20 10 2002
ccfile______________________________________________________________________________________________
21 11 2003
tfile_______________________________________________________________________________________________
30 11 2004
ufile________________________________________________________________________________________________
3 12 2001
uufile_________________________________________________________________________________________________
2 4 2000
yfile__________________________________________________________________________________________________
24 8 2002
ddfile___________________________________________________________________________________________________
20 11 2002
dfile_
4 4 2000
efile__
21 10 2005
fffile___
17 8 2005
ffile____
12 12 2012
eefile_____
11 10 2200
gfile______
10 11 2020
afile_______
20 11 2002
bfile________
20 10 2002
aafile_________
10 5 2002
cfile__________
21 2 2002
ifile___________
22 1 2002
bbfile____________
9 9 2002
file_____________
20 9 2002
ofile______________
13 11 2002
pfile_______________
22 5 2002
ile________________
22 12 2002
ttfile_________________
21 11 2002
rfile__________________
20 10 2002
ccfile___________________
21 11 2003
tfile____________________
30 11 2004
ufile_____________________
3 12 2001
uufile______________________
2 4 2000
yfile_______________________
24 8 2002
ddfile________________________
20 11 2002
dfile_________________________
4 4 2000
efile__________________________
21 10 2005
fffile___________________________
17 8 2005
ffile____________________________
12 12 2012
eefile_____________________________
11 10 2200
gfile______________________________
10 11 2020
afile_______________________________
20 11 2002
bfile________________________________
20 10 2002
aafile_________________________________
10 5 2002
cfile__________________________________
21 2 2002
ifile___________________________________
22 1 2002
bbfile____________________________________
9 9 2002
file_____________________________________
20 9 2002
ofile______________________________________
13 11 2002
pfile_______________________________________
22 5 2002
ile________________________________________
22 12 2002
ttfile_________________________________________
21 11 2002
rfile__________________________________________
20 10 2002
ccfile___________________________________________
21 11 2003
tfile____________________________________________
30 11 2004
ufile_____________________________________________
3 12 2001
uufile______________________________________________
2 4 2000
yfile_______________________________________________
24 8 2002
ddfile________________________________________________
20 11 2002
dfile_________________________________________________
4 4 2000
efile__________________________________________________
21 10 2005
fffile___________________________________________________
17 8 2005
ffile____________________________________________________
12 12 2012
eefile_____________________________________________________
11 10 2200
gfile______________________________________________________
10 11 2020
afile_______________________________________________________
20 11 2002
bfile________________________________________________________
20 10 2002
aafile_________________________________________________________
10 5 2002
cfile__________________________________________________________
21 2 2002
ifile___________________________________________________________
22 1 2002
bbfile____________________________________________________________
9 9 2002
file_____________________________________________________________
20 9 2002
ofile______________________________________________________________
13 11 2002
pfile_______________________________________________________________
22 5 2002
ile________________________________________________________________
22 12 2002
ttfile_________________________________________________________________
21 11 2002
rfile__________________________________________________________________
20 10 2002
ccfile___________________________________________________________________
21 11 2003
tfile____________________________________________________________________
30 11 2004
ufile_____________________________________________________________________
3 12 2001
uufile______________________________________________________________________
2 4 2000
yfile_______________________________________________________________________
24 8 2002
ddfile________________________________________________________________________
20 11 2002
dfile_________________________________________________________________________
4 4 2000
efile__________________________________________________________________________
21 10 2005
fffile___________________________________________________________________________
17 8 2005
ffile____________________________________________________________________________
12 12 2012
eefile_____________________________________________________________________________
11 10 2200
gfile______________________________________________________________________________
10 11 2020
afile_______________________________________________________________________________
20 11 2002
bfile________________________________________________________________________________
20 10 2002
aafile_________________________________________________________________________________
10 5 2002
cfile__________________________________________________________________________________
21 2 2002
ifile___________________________________________________________________________________
22 1 2002
bbfile____________________________________________________________________________________
9 9 2002
file_____________________________________________________________________________________
20 9 2002
ofile______________________________________________________________________________________
13 11 2002
pfile_______________________________________________________________________________________
22 5 2002
ile________________________________________________________________________________________
22 12 2002
ttfile_________________________________________________________________________________________
21 11 2002
rfile__________________________________________________________________________________________
20 10 2002
ccfile___________________________________________________________________________________________
21 11 2003
tfile____________________________________________________________________________________________
30 11 2004
ufile_____________________________________________________________________________________________
3 12 2001
uufile______________________________________________________________________________________________
2 4 2000
yfile_______________________________________________________________________________________________
24 8 2002
ddfile________________________________________________________________________________________________
20 11 2002
dfile_________________________________________________________________________________________________
4 4 2000
efile__________________________________________________________________________________________________
21 10 2005
fffile___________________________________________________________________________________________________
17 8 2005
ffile_
12 12 2012
eefile__
11 10 2200
gfile___
10 11 2020
afile____
20 11 2002
bfile_____
20 10 2002
aafile______
10 5 2002
cfile_______
21 2 2002
ifile________
22 1 2002
bbfile_________
9 9 2002
file__________
20 9 2002
ofile___________
13 11 2002
pfile____________
22 5 2002
ile_____________
22 12 2002
ttfile______________
21 11 2002
rfile_______________
20 10 2002
ccfile________________
21 11 2003
tfile_________________
30 11 2004
ufile__________________
3 12 2001
uufile___________________
2 4 2000
yfile____________________
24 8 2002
ddfile_____________________
20 11 2002
dfile______________________
4 4 2000
efile_______________________
21 10 2005
fffile________________________
17 8 2005
ffile_________________________
12 12 2012
eefile__________________________
11 10 2200
gfile___________________________
10 11 2020
afile____________________________
20 11 2002
bfile_____________________________
20 10 2002
aafile______________________________
10 5 2002
cfile_______________________________
21 2 2002
ifile________________________________
22 1 2002
bbfile_________________________________
9 9 2002
file__________________________________
20 9 2002
ofile___________________________________
13 11 2002
pfile____________________________________
22 5 2002
ile_____________________________________
22 12 2002
ttfile______________________________________
21 11 2002
rfile_______________________________________
20 10 2002
ccfile________________________________________
21 11 2003
tfile_________________________________________
30 11 2004
ufile__________________________________________
3 12 2001
uufile___________________________________________
2 4 2000
yfile____________________________________________
24 8 2002
ddfile_____________________________________________
20 11 2002
dfile______________________________________________
4 4 2000
efile_______________________________________________
21 10 2005
fffile________________________________________________
17 8 2005
ffile_________________________________________________
12 12 2012
eefile__________________________________________________
11 10 2200
gfile___________________________________________________
10 11 2020
afile____________________________________________________
20 11 2002
bfile_____________________________________________________
20 10 2002
aafile______________________________________________________
10 5 2002
cfile_______________________________________________________
21 2 2002
ifile________________________________________________________
22 1 2002
bbfile_________________________________________________________
9 9 2002
file__________________________________________________________
20 9 2002
ofile___________________________________________________________
13 11 2002
pfile____________________________________________________________
22 5 2002
ile_____________________________________________________________
22 12 2002
ttfile______________________________________________________________
21 11 2002
rfile_______________________________________________________________
20 10 2002
ccfile________________________________________________________________
21 11 2003
tfile_________________________________________________________________
30 11 2004
ufile__________________________________________________________________
3 12 2001
uufile___________________________________________________________________
2 4 2000
yfile____________________________________________________________________
24 8 2002
ddfile_____________________________________________________________________
20 11 2002
dfile______________________________________________________________________
4 4 2000
efile_______________________________________________________________________
21 10 2005
fffile________________________________________________________________________
17 8 2005
ffile_________________________________________________________________________
12 12 2012
eefile__________________________________________________________________________
11 10 2200
gfile___________________________________________________________________________
10 11 2020
afile____________________________________________________________________________
20 11 2002
bfile_____________________________________________________________________________
20 10 2002
aafile______________________________________________________________________________
10 5 2002
cfile_______________________________________________________________________________
21 2 2002
ifile________________________________________________________________________________
22 1 2002
bbfile_________________________________________________________________________________
9 9 2002
file__________________________________________________________________________________
20 9 2002
ofile___________________________________________________________________________________
13 11 2002
pfile____________________________________________________________________________________
22 5 2002
ile_____________________________________________________________________________________
22 12 2002
ttfile______________________________________________________________________________________
21 11 2002
rfile_______________________________________________________________________________________
20 10 2002
ccfile________________________________________________________________________________________
21 11 2003
tfile_________________________________________________________________________________________
30 11 2004
ufile__________________________________________________________________________________________
3 12 2001
uufile___________________________________________________________________________________________
2 4 2000
yfile____________________________________________________________________________________________
24 8 2002
ddfile_____________________________________________________________________________________________
20 11 2002
dfile______________________________________________________________________________________________
4 4 2000
efile_______________________________________________________________________________________________
21 10 2005
fffile________________________________________________________________________________________________
17 8 2005
ffile_________________________________________________________________________________________________
12 12 2012
eefile__________________________________________________________________________________________________
11 10 2200
gfile___________________________________________________________________________________________________
10 11 2020
afile_
20 11 2002
bfile__
20 10 2002
aafile___
10 5 2002
cfile____
21 2 2002
ifile_____
22 1 2002
bbfile______
9 9 2002
file_______
20 9 2002
ofile________
13 11 2002
pfile_________
22 5 2002
ile__________
22 12 2002
ttfile___________
21 11 2002
rfile____________
20 10 2002
ccfile_____________
21 11 2003
tfile______________
30 11 2004
ufile_______________
3 12 2001
uufile________________
2 4 2000
yfile_________________
24 8 2002
ddfile__________________
20 11 2002
dfile___________________
4 4 2000
efile____________________
21 10 2005
fffile_____________________
17 8 2005
ffile______________________
12 12 2012
eefile_______________________
11 10 2200
gfile________________________
10 11 2020
afile_________________________
20 11 2002
bfile__________________________
20 10 2002
aafile___________________________
10 5 2002
cfile____________________________
21 2 2002
ifile_____________________________
22 1 2002
bbfile______________________________
9 9 2002
file_______________________________
20 9 2002
ofile________________________________
13 11 2002
pfile_________________________________
22 5 2002
ile__________________________________
22 12 2002
ttfile___________________________________
21 11 2002
rfile____________________________________
20 10 2002
ccfile_____________________________________
21 11 2003
tfile______________________________________
30 11 2004
ufile_______________________________________
3 12 2001
uufile________________________________________
2 4 2000
yfile_________________________________________
24 8 2002
ddfile__________________________________________
20 11 2002
dfile___________________________________________
4 4 2000
efile____________________________________________
21 10 2005
fffile_____________________________________________
17 8 2005
ffile______________________________________________
12 12 2012
eefile_______________________________________________
11 10 2200
gfile________________________________________________
10 11 2020
afile_________________________________________________
20 11 2002
bfile__________________________________________________
20 10 2002
aafile___________________________________________________
10 5 2002
cfile____________________________________________________
21 2 2002
ifile_____________________________________________________
22 1 2002
bbfile______________________________________________________
9 9 2002
file_______________________________________________________
20 9 2002
ofile________________________________________________________
13 11 2002
pfile_________________________________________________________
22 5 2002
ile__________________________________________________________
22 12 2002
ttfile___________________________________________________________
21 11 2002
rfile____________________________________________________________
20 10 2002
ccfile_____________________________________________________________
21 11 2003
tfile______________________________________________________________
30 11 2004
ufile_______________________________________________________________
3 12 2001
uufile________________________________________________________________
2 4 2000
yfile_________________________________________________________________
24 8 2002
ddfile__________________________________________________________________
20 11 2002
dfile___________________________________________________________________
4 4 2000
efile____________________________________________________________________
21 10 2005
fffile_____________________________________________________________________
17 8 2005
ffile______________________________________________________________________
12 12 2012
eefile_______________________________________________________________________
11 10 2200
gfile________________________________________________________________________
10 11 2020
afile_________________________________________________________________________
20 11 2002
bfile__________________________________________________________________________
20 10 2002
aafile___________________________________________________________________________
10 5 2002
cfile____________________________________________________________________________
21 2 2002
ifile_____________________________________________________________________________
22 1 2002
bbfile______________________________________________________________________________
9 9 2002
file_______________________________________________________________________________
20 9 2002
ofile________________________________________________________________________________
13 11 2002
pfile_________________________________________________________________________________
22 5 2002
ile__________________________________________________________________________________
22 12 2002
ttfile___________________________________________________________________________________
21 11 2002
rfile____________________________________________________________________________________
20 10 2002
ccfile_____________________________________________________________________________________
21 11 2003
tfile______________________________________________________________________________________
30 11 2004
ufile_______________________________________________________________________________________
3 12 2001
uufile________________________________________________________________________________________
2 4 2000
yfile_________________________________________________________________________________________
24 8 2002
ddfile__________________________________________________________________________________________
20 11 2002
dfile___________________________________________________________________________________________
4 4 2000
efile____________________________________________________________________________________________
21 10 2005
fffile_____________________________________________________________________________________________
17 8 2005
ffile______________________________________________________________________________________________
12 12 2012
eefile_______________________________________________________________________________________________
11 10 2200
gfile________________________________________________________________________________________________
10 11 2020
afile_________________________________________________________________________________________________
20 11 2002
bfile__________________________________________________________________________________________________
20 10 2002
aafile___________________________________________________________________________________________________
10 5 2002
cfile_
21 2 2002
ifile__
22 1 2002
bbfile___
9 9 2002
file____
20 9 2002
ofile_____
13 11 2002
pfile______
22 5 2002
ile_______
22 12 2002
ttfile________
21 11 2002
rfile_________
20 10 2002
ccfile__________
21 11 2003
tfile___________
30 11 2004
ufile____________
3 12 2001
uufile_____________
2 4 2000
yfile______________
24 8 2002
ddfile_______________
20 11 2002
dfile________________
4 4 2000
efile_________________
21 10 2005
fffile__________________
17 8 2005
ffile___________________
12 12 2012
eefile____________________
11 10 2200
gfile_____________________
10 11 2020
afile______________________
20 11 2002
bfile_______________________
20 10 2002
aafile________________________
10 5 2002
cfile_________________________
21 2 2002
ifile__________________________
22 1 2002
bbfile___________________________
9 9 2002
file____________________________
20 9 2002
ofile_____________________________
13 11 2002
pfile______________________________
22 5 2002
ile_______________________________
22 12 2002
ttfile________________________________
21 11 2002
rfile_________________________________
20 10 2002
ccfile__________________________________
21 11 2003
tfile___________________________________
30 11 2004
ufile____________________________________
3 12 2001
uufile_____________________________________
2 4 2000
yfile______________________________________
24 8 2002
ddfile_______________________________________
20 11 2002
dfile________________________________________
4 4 2000
efile_________________________________________
21 10 2005
fffile__________________________________________
17 8 2005
ffile___________________________________________
12 12 2012
eefile____________________________________________
11 10 2200
gfile_____________________________________________
10 11 2020
afile______________________________________________
20 11 2002
bfile_______________________________________________
20 10 2002
aafile________________________________________________
10 5 2002
cfile_________________________________________________
21 2 2002
ifile__________________________________________________
22 1 2002
bbfile___________________________________________________
9 9 2002
file____________________________________________________
20 9 2002
ofile_____________________________________________________
13 11 2002
pfile______________________________________________________
22 5 2002
ile_______________________________________________________
22 12 2002
ttfile________________________________________________________
21 11 2002
rfile_________________________________________________________
20 10 2002
ccfile__________________________________________________________
21 11 2003
tfile___________________________________________________________
30 11 2004
ufile____________________________________________________________
3 12 2001
uufile_____________________________________________________________
2 4 2000
yfile______________________________________________________________
24 8 2002
ddfile_______________________________________________________________
20 11 2002
dfile________________________________________________________________
4 4 2000
efile_________________________________________________________________
21 10 2005
fffile__________________________________________________________________
17 8 2005
ffile___________________________________________________________________
12 12 2012
eefile____________________________________________________________________
11 10 2200
gfile_____________________________________________________________________
10 11 2020
afile______________________________________________________________________
20 11 2002
bfile_______________________________________________________________________
20 10 2002
aafile________________________________________________________________________
10 5 2002
cfile_________________________________________________________________________
21 2 2002
ifile__________________________________________________________________________
22 1 2002
bbfile___________________________________________________________________________
9 9 2002
file____________________________________________________________________________
20 9 2002
ofile_____________________________________________________________________________
13 11 2002
pfile______________________________________________________________________________
22 5 2002
ile_______________________________________________________________________________
22 12 2002
ttfile________________________________________________________________________________
21 11 2002
rfile_________________________________________________________________________________
20 10 2002
ccfile__________________________________________________________________________________
21 11 2003
tfile___________________________________________________________________________________
30 11 2004
ufile____________________________________________________________________________________
3 12 2001
uufile_____________________________________________________________________________________
2 4 2000
yfile______________________________________________________________________________________
24 8 2002
ddfile_______________________________________________________________________________________
20 11 2002
dfile________________________________________________________________________________________
4 4 2000
efile_________________________________________________________________________________________
21 10 2005
fffile__________________________________________________________________________________________
17 8 2005
ffile___________________________________________________________________________________________
12 12 2012
eefile____________________________________________________________________________________________
11 10 2200
gfile_____________________________________________________________________________________________
10 11 2020
afile______________________________________________________________________________________________
20 11 2002
bfile_______________________________________________________________________________________________
20 10 2002
aafile________________________________________________________________________________________________
10 5 2002
cfile_________________________________________________________________________________________________
21 2 2002
ifile__________________________________________________________________________________________________
22 1 2002
bbfile___________________________________________________________________________________________________
9 9 2002
file_
20 9 2002
ofile__
13 11 2002
pfile___
22 5 2002
ile____
22 12 2002
ttfile_____
21 11 2002
rfile______
20 10 2002
ccfile_______
21 11 2003
tfile________
30 11 2004
ufile_________
3 12 2001
uufile__________
2 4 2000
yfile___________
24 8 2002
ddfile____________
20 11 2002
dfile_____________
4 4 2000
efile______________
21 10 2005
fffile_______________
17 8 2005
ffile________________
12 12 2012
eefile_________________
11 10 2200
gfile__________________
10 11 2020
