xUNYy
04 01 2021
hyLNq
13 01 2020
DRbQE
26 10 2022
Ckjjl
02 10 2020
NbkzT
14 06 2022
NhzbP
11 03 2021
rsHMq
17 05 2022
thLld
31 12 2021
GmDfg
11 08 2020
ckuhk
31 12 2022
umQup
09 01 2022
cyFrA
24 09 2022
hDBoe
03 08 2021
LuwcK
12 05 2022
AxoQk
02 05 2021
IFuBJ
25 03 2023
dtcsm
09 02 2020
IxgLr
03 11 2021
rbpOI
16 12 2022
jbYMK
23 01 2020
bnIST
13 09 2023
iwkro
04 12 2022
kdWwJ
28 05 2022
vaczR
12 11 2022
vyAPL
25 02 2022
qOtsM
24 05 2022
sMBvU
25 11 2023
TNkXm
12 07 2022
GdTyQ
14 12 2020
nvWrk
19 03 2021
JUfnd
24 01 2022
FCptk
21 09 2021
pKGMG
08 12 2020
iIgby
08 02 2021
blqaR
25 03 2020
jctOU
24 07 2022
siGJu
01 10 2021
LLSZd
10 10 2021
WvFlm
14 06 2021
naqGD
04 01 2020
ADgqk
14 11 2021
YbxzL
08 04 2022
jNWUd
10 03 2021
fqLns
29 12 2022
OakfJ
28 02 2022
fCVKe
08 10 2023
KvzRc
26 09 2021
aYEUu
02 08 2022
dSruQ
20 12 2023
Rfgga
01 08 2021
RfcAD
26 04 2023
ZItLD
15 03 2021
asDlo
22 04 2022
tmeYi
07 01 2021
TEvsC
12 04 2021
VvnTc
26 03 2020
XTbVv
24 09 2023
zBsNk
23 08 2023
aUZsF
22 01 2021
ojPXk
30 05 2020
jqHgd
14 03 2023
HjyEy
15 09 2020
RlWMr
11 11 2021
uKwCK
23 08 2020
jDjkN
24 05 2020
JoKdW
04 05 2021
QJTAp
26 09 2022
PmCLJ
19 08 2020
uonxX
04 10 2020
wFZTH
22 06 2021
AQqEg
28 03 2022
WSlqv
17 10 2021
XdWUd
28 08 2021
jeozn
18 11 2021
UgOVj
20 10 2023
sSBKz
08 10 2022
naUyF
27 10 2023
TYVER
06 04 2021
zTxwi
01 10 2020
LXRsf
17 10 2022
bGFty
02 06 2020
zdmZK
24 07 2021
fiQlz
11 11 2022
qKSWq
06 10 2021
KxWIA
06 01 2022
DydWK
23 04 2023
sRRCJ
14 05 2022
SxhXJ
18 03 2023
Tklnj
27 08 2020
CRJBs
20 11 2020
YPRFB
18 12 2020
IAhPw
28 12 2023
NEWyG
17 02 2021
hBlnt
09 06 2021
CelMD
05 09 2023
WfhwT
28 03 2023
LUkZk
03 08 2022
iIRsI
12 08 2021
IQKvA
13 05 2023
HgEmF
13 03 2021
DaEAx
07 12 2022
cBFdL
08 07 2023
okyTs
12 11 2020
ItsOS
24 07 2023
PAaMB
20 01 2022
IQoTE
04 08 2022
ztKQq
08 05 2023
FJGtk
14 06 2020
SfxPc
02 06 2023
uRBeM
02 02 2020
JSklv
22 06 2023
eiMgZ
25 09 2023
CJbqJ
30 06 2022
sWSZl
18 02 2020
XMACn
30 08 2023
unNxb
29 07 2023
AsRpd
21 11 2021
DcRGK
13 01 2021
lHBRG
17 01 2022
hppqd
24 08 2021
FmObE
25 07 2022
FddNL
18 05 2020
HyiRF
16 12 2023
LKLHq
23 10 2022
Bjoke
06 06 2022
aBmJO
01 11 2023
VbWyW
17 07 2021
oxzuX
22 09 2021
mWiNn
04 11 2021
lQAEu
03 12 2022
PWOaM
30 04 2021
JcgBL
27 09 2022
yBeoF
04 12 2021
udcWo
06 11 2020
DAHck
16 10 2022
joqBE
04 11 2023
Yivii
06 03 2020
vBtZg
16 01 2020
lNPwF
24 06 2022
qMntu
13 08 2020
wzyJJ
02 10 2023
OYOlS
04 05 2023
URxTT
21 11 2022
jZNae
19 07 2023
Tuyqq
04 06 2020
vNFrB
26 02 2020
SdgzU
20 03 2020
LQthb
24 12 2022
IQFhE
17 02 2023
QvZlz
11 02 2022
cQeUm
18 01 2022
tQouu
11 12 2023
EVuUp
02 12 2022
GTGbp
17 01 2023
CQZom
24 05 2021
plgGh
01 02 2021
QWwSM
12 12 2023
PXNmZ
30 08 2021
CqhKk
20 06 2023
RJohi
03 03 2023
lPIxU
20 10 2020
rTtwh
30 04 2020
JILSR
16 02 2021
SFduE
09 02 2023
NCLxK
21 03 2020
RNEOV
23 02 2023
YmzBE
20 01 2020
GsjpE
11 03 2022
BeepT
14 05 2023
XisYe
21 12 2021
pgCpj
04 08 2023
WLlwV
12 07 2021
eONyF
05 05 2020
GYAPv
14 11 2023
oLQEm
09 11 2020
Fsewv
29 05 2023
KduSq
16 11 2023
SjTeE
05 04 2020
SPQAt
01 06 2020
KpSND
07 03 2023
GNNuW
18 10 2023
wlGsK
06 06 2023
DXfvd
26 06 2023
gdMce
28 10 2022
HwkcI
20 08 2022
fERXr
21 12 2023
FvvRD
24 09 2021
vqIFY
16 02 2023
Mhktn
19 09 2022
lUCBJ
09 09 2023
bzVKD
20 03 2021
EGZvI
21 12 2020
PiXvK
24 08 2020
jVVmn
29 05 2022
hqgiI
28 06 2023
OEOPa
26 08 2020
KOkZD
05 04 2022
ftpkk
30 05 2021
jIOjm
18 02 2021
EeIvG
17 04 2023
xbteQ
07 05 2022
AwDXp
28 09 2021
xLykc
24 06 2020
lBywJ
06 08 2021
pRnQX
21 05 2022
kSUWC
10 04 2023
twtrV
10 08 2023
hhaLi
15 10 2020
jeTib
02 06 2022
moNjl
03 04 2023
Rpzbx
23 03 2020
hglUP
01 06 2021
xxkIX
31 07 2023
trYCS
05 02 2020
GuvCK
30 07 2020
YlVAR
07 06 2022
KcTCJ
30 05 2023
LVqJe
25 01 2020
NKDPs
30 06 2023
YiLuM
09 05 2020
bDGyv
16 05 2021
rJwcF
23 11 2022
aFjBp
31 05 2022
yJuHt
30 10 2021
avCQe
17 02 2020
cKXTn
10 11 2022
pyxyV
16 05 2020
goBVX
23 06 2020
GxRJq
09 03 2022
PdDHK
28 08 2023
BYsBB
13 07 2020
qZofu
20 05 2023
cyJxf
10 04 2020
gSoAb
25 06 2023
sREUa
28 01 2020
fPwdz
16 08 2020
YQghC
27 12 2020
rcgYv
23 12 2022
mVoeJ
22 02 2020
ZTVLF
28 11 2021
ivsKD
24 02 2020
AtlwL
19 07 2020
RNTuC
15 03 2020
baYrM
26 12 2021
ZQimu
22 09 2023
vkkRJ
31 07 2020
OmNVX
09 10 2022
AYlYf
12 04 2022
HNMnE
04 02 2021
rSVWU
05 03 2020
ZCiNk
01 10 2022
COZmp
21 06 2020
LKkgw
23 07 2020
UAvLe
25 09 2021
kqbQj
05 04 2021
jSRjq
21 09 2020
odqYe
06 05 2021
QsfkU
26 01 2023
UdueU
05 07 2021
GKQkZ
22 02 2023
tnCZT
03 10 2023
TPkww
30 04 2023
uaEEE
01 05 2023
EUTKq
20 01 2023
sXERs
06 02 2021
SFShx
19 08 2023
kwrOF
12 10 2021
kYxUQ
25 12 2021
SOWQk
25 04 2021
qGbyj
16 01 2023
VxBWo
14 09 2021
GccWu
17 03 2021
BJNNv
17 03 2022
NFuEu
01 12 2020
WCxEF
05 09 2020
AnYzj
13 04 2023
AYgnz
16 04 2021
dkeUE
01 12 2022
gJkoQ
17 04 2022
OrwAH
19 03 2020
gFAPH
17 08 2022
FfWoU
20 11 2023
tyeDh
07 10 2020
KacoX
16 03 2020
booPz
28 09 2020
dBFGU
24 08 2022
RILQv
26 05 2022
TmzDf
24 06 2023
jzXST
06 07 2023
qYlzE
03 09 2022
oARiC
10 09 2023
WwjFR
26 11 2022
ETnIJ
24 11 2022
fefNp
20 12 2021
QpzpJ
12 05 2021
aHgNa
15 01 2023
skUmY
27 09 2020
FXnuS
10 10 2022
YEXZW
22 06 2022
QqvNY
25 04 2022
kZnLa
18 06 2020
jVgBf
28 04 2020
NBrgO
02 05 2023
mPTxK
20 07 2020
FmMqj
17 05 2023
YgsqI
27 09 2023
gIZss
16 04 2020
FQkop
01 01 2023
vYtBJ
21 11 2023
QGoSi
21 04 2023
rDssw
01 02 2022
CEQVx
04 06 2022
QmrbY
14 08 2022
hEYav
30 12 2023
UXXWg
27 03 2021
rgaZe
18 03 2020
egeCS
29 07 2020
qFWUX
01 09 2023
ZKJdA
16 05 2023
VmboZ
02 01 2020
pcooA
28 03 2020
SIhYw
17 08 2020
yPKCm
09 04 2021
DbgpH
23 12 2020
nPYLT
19 05 2022
rUyER
16 08 2021
Izorq
13 06 2021
yxOGJ
26 02 2021
weJaQ
13 12 2021
zqYbS
22 08 2022
BTbRp
21 02 2020
hvvuP
18 06 2023
MPEBF
10 12 2021
teQGT
18 10 2022
KRmpP
28 05 2021
EwYPn
10 07 2021
bLifq
29 10 2020
NZmgq
04 09 2020
pJEqh
17 12 2022
CUNwG
30 08 2020
jSLKk
12 02 2020
jZWAv
26 01 2020
buyIp
26 09 2020
uFVEL
30 04 2022
kkgAm
26 08 2023
JWzVZ
26 06 2020
fvOmw
06 06 2021
vUdWB
27 03 2022
RYGav
23 03 2021
EVidb
07 12 2023
unxOg
18 07 2021
jgOiu
10 11 2020
OjUQF
18 04 2021
lGTYy
26 05 2021
WAUqF
13 01 2022
AOMta
02 09 2022
QzVWg
02 08 2023
BlxId
06 03 2023
UaBrO
30 12 2022
YiWcb
29 01 2022
tkpJW
10 10 2020
plqpu
20 09 2022
Wazrf
20 12 2022
LVIHO
20 02 2023
WjzRb
10 05 2023
mWpal
11 12 2022
OXGtU
06 08 2020
Ygefe
30 11 2022
JLbIZ
24 11 2021
DEnAj
17 07 2023
ebuJR
01 10 2023
uwqIh
13 11 2020
iIxJy
16 12 2020
mXAUF
07 07 2020
XJOtU
27 12 2022
vvXIV
12 05 2023
KHFLC
30 10 2020
IuADZ
08 01 2023
lXAkQ
07 11 2020
CydLI
01 11 2020
FzmAc
15 03 2023
Ooruu
29 06 2021
uIcoi
15 05 2021
wtICD
25 11 2021
gMlPW
02 08 2021
FPrDw
11 09 2021
mNxdn
29 08 2022
KtwDb
26 10 2023
ESXyj
06 03 2022
uESjV
29 05 2021
fjxLg
08 09 2021
sBhjs
08 09 2020
QwniR
05 10 2020
DJmXv
02 09 2020
YJSXN
08 11 2023
MSnDg
25 02 2023
pxgyh
20 08 2021
ADOyJ
08 12 2021
RrJOc
19 09 2020
hvPup
06 05 2023
PFRha
04 04 2021
UlTIc
16 08 2022
Bpfxw
24 01 2023
jXAFc
10 04 2022
bXZeB
12 12 2020
HwIMC
17 11 2023
vJkyn
25 09 2022
aMQlC
16 11 2020
hmlEu
20 03 2022
YhrnN
09 09 2020
ZUgVx
22 07 2021
hzDks
10 02 2020
rQaRW
04 07 2021
OTADJ
03 04 2021
VEqBf
30 10 2023
NZIBZ
17 12 2021
qJXAt
26 04 2021
rmpnF
19 09 2021
pobuP
19 08 2021
Zczzb
01 01 2024
ajMAu
28 06 2021
Krdce
10 02 2022
vbYTJ
16 07 2023
ksdXU
01 07 2022
XkAHi
16 11 2022
Xgnhf
10 05 2020
esWpH
13 08 2023
PJwXz
05 06 2021
YhAyG
08 08 2022
DBPEc
22 07 2020
XDYLj
04 11 2020
IAxBK
04 09 2022
MfNKD
16 06 2023
yQbjk
04 04 2023
dkriX
15 11 2021
rDKcF
08 03 2020
IjAFs
07 06 2021
hZFdZ
13 04 2021
RoFZq
17 05 2021
sBBMu
02 03 2023
MdOeW
17 07 2022
UYEQi
17 07 2020
BHTVl
19 12 2021
TrGPx
06 07 2021
AtxYo
18 08 2023
QfDsj
29 04 2022
llRZq
23 07 2021
inbus
07 07 2022
cGHwi
01 11 2021
vpASE
30 07 2023
iYUph
11 02 2020
XkUvD
06 02 2022
poehT
29 08 2023
IvsOW
12 10 2023
QjMab
17 03 2023
DqTbs
16 09 2023
HJWYd
27 08 2023
eVzuI
18 02 2022
mBmGb
24 03 2023
ZFzou
21 01 2020
IvlFP
06 01 2020
kjamP
29 04 2020
VpGMd
24 10 2022
UNWom
31 07 2021
qIZVb
09 12 2020
DjKqI
09 12 2023
CrGdW
19 04 2022
odXVT
07 02 2021
ZTVjD
29 11 2021
nUPax
25 05 2023
neCjP
22 10 2023
Vbvjx
15 06 2022
ACGwQ
09 08 2023
RofjL
27 01 2020
HhdXw
02 11 2021
TMNNk
24 02 2022
kwEZt
25 04 2023
pHBYr
26 08 2022
oAHfV
24 05 2023
QsuMT
02 12 2023
CPZWF
29 01 2021
wtoMi
21 02 2022
YATMV
27 03 2023
CyyYK
09 04 2020
DLnGV
21 03 2023
BScPg
14 05 2020
bGcLw
09 07 2023
IlSUw
17 03 2020
izZDR
31 05 2021
KQSZO
05 01 2023
IkMln
26 07 2022
HovNS
03 02 2021
PMNdt
04 07 2023
pJwkD
10 01 2023
TmEwJ
16 02 2022
bNznY
29 10 2022
mPLXq
13 04 2020
SrhMP
12 07 2023
nZxEg
02 07 2021
gUquo
05 04 2023
cYqNe
01 08 2023
NDCRF
31 08 2022
SBIps
24 06 2021
LBaTx
21 03 2021
aWHFM
23 09 2023
hSxhS
28 03 2021
ZXOGH
23 05 2023
OCndn
16 10 2021
vxfid
09 05 2021
PqnYX
13 05 2020
GTDPX
06 11 2022
DcOBA
10 12 2023
GeoRm
19 04 2021
YGPOl
10 05 2021
BhcuD
04 07 2022
YaJHX
22 05 2023
cFKmw
19 01 2021
AzJbg
20 07 2021
sKVMJ
28 04 2023
nRjtH
27 10 2021
wjxzq
11 01 2022
GVArf
06 04 2022
RnIUV
14 10 2022
pTGfj
19 03 2023
VNyod
11 09 2022
QcLav
07 05 2020
lNNLD
05 05 2023
hlRNP
15 08 2022
mkVBM
11 03 2020
VDUih
13 10 2020
kDBsi
15 05 2020
DhTHJ
03 01 2022
gPAae
05 01 2022
Zlcsz
21 05 2021
NeJpp
22 06 2020
sIySF
29 09 2020
mYIyW
31 08 2023
uYYOB
15 12 2022
dimBT
12 12 2022
GzRzp
16 10 2023
JWvUF
21 01 2023
kSIET
11 07 2023
qkLic
05 01 2021
ywtTJ
03 11 2020
lJGls
29 03 2022
jtnWd
06 04 2023
zcKDp
13 05 2021
IdaDY
28 07 2022
HgTwZ
17 11 2020
rVLPG
07 04 2020
ysRTV
20 12 2020
DIYQM
08 01 2020
OPDFU
21 07 2022
MglLj
30 03 2020
TzLkQ
27 07 2023
mlrND
22 07 2022
uPRxO
31 01 2022
SytpF
07 05 2023
YnjyV
23 10 2021
ZDxSv
30 06 2020
hsEdL
11 11 2020
nNjaU
25 11 2020
WReQf
16 06 2021
zEWxz
08 04 2023
rHGcW
28 05 2023
JXujE
12 03 2023
AleEk
20 06 2020
ACunR
30 03 2023
BCFEb
21 01 2022
LvftH
07 06 2020
ZzImx
13 12 2020
mWvIL
01 03 2022
bPUqU
25 11 2022
oUzxF
01 02 2020
ndJme
31 10 2021
kYZoV
14 08 2023
ymxfP
02 10 2022
rrbFJ
12 08 2020
ORVJS
13 06 2020
AIEsr
25 06 2021
VFAvt
25 10 2023
YxKRo
17 01 2020
SAJOp
16 12 2021
oOJif
01 05 2020
eAYwU
30 07 2022
DoMDk
15 04 2021
bnHki
02 11 2022
gWCcP
21 10 2020
cRRUC
05 10 2023
KtcHK
06 09 2020
LUFPJ
26 03 2022
sehxP
04 10 2023
CtSGk
23 07 2023
PldXg
27 06 2022
bGvIC
09 03 2021
XcmsO
02 07 2023
czgCs
29 01 2020
jJihi
15 04 2023
iuOUU
05 12 2021
nHFHZ
29 03 2021
bpeql
26 11 2020
QVkfO
23 01 2021
aIPxv
15 01 2021
icCOp
19 11 2021
dgxfH
14 08 2021
rxzhk
29 07 2022
rFWZs
23 11 2023
hTnho
22 08 2023
Vgula
18 02 2023
eLFsX
09 07 2022
OrMux
29 09 2022
LgzHS
22 03 2020
jHgBh
08 12 2023
sNTgA
19 08 2022
EpOys
25 09 2020
AdMIN
04 05 2022
uPLhZ
10 08 2020
JkucY
02 04 2022
BqTtL
12 11 2023
vpXge
23 01 2022
fMPMi
19 01 2022
RQgBq
12 08 2022
tsXRx
26 07 2020
JpYwl
29 09 2023
Oexsx
17 01 2021
pFjwX
13 02 2020
eCWKn
25 12 2023
DhIBe
09 10 2023
TPpKi
18 01 2021
lwwbv
30 07 2021
JKxdX
28 11 2023
uUHBU
28 01 2021
PtDyW
09 01 2021
uvvCC
27 02 2020
vqrGU
22 04 2023
KEMam
27 06 2020
iXofK
01 03 2023
ENArV
08 01 2021
AGfsh
04 09 2023
cKGsq
11 01 2021
LBmeO
23 05 2022
bFZra
05 02 2023
RcjPD
10 01 2020
octNQ
17 06 2022
kIfne
20 04 2021
qrSyI
09 01 2023
rvEUu
23 03 2023
hDhIk
14 01 2020
mVONr
09 08 2021
ZYPJY
04 10 2022
vCZxd
27 03 2020
LvJWg
22 02 2022
dPqCg
01 04 2023
NvKHU
29 03 2020
QkNER
09 06 2023
xvCBa
14 01 2021
uIfga
19 03 2022
CZthy
15 09 2023
ZtmCx
07 03 2021
GvjSz
09 09 2021
hdOwz
05 08 2023
ITOEW
23 12 2023
LJIES
03 09 2020
aAmyZ
30 09 2023
zzXlg
24 01 2020
iuRam
02 04 2020
SjsQr
25 02 2020
rGDZB
18 08 2022
xrYvZ
10 03 2023
lVIca
29 10 2021
CLHez
02 06 2021
qnrrx
23 06 2023
SWxUr
08 03 2022
okibd
25 06 2020
KtxPp
15 02 2020
GNtpb
10 03 2020
dHdvm
28 06 2022
YjdEP
21 03 2022
PyLXy
12 06 2022
hwVwT
06 06 2020
uFiUY
22 05 2022
MDakx
01 01 2021
DkXmy
26 10 2020
Jvgtu
31 10 2020
QVOGd
24 10 2023
GDngR
03 06 2021
tUEcB
12 06 2021
dRzkj
03 12 2023
MTPhH
08 08 2023
Lavtq
17 12 2023
ZDxbc
28 10 2020
piUys
29 08 2020
TcDYN
28 07 2020
IZgbp
04 06 2023
sWwrX
10 09 2022
FTcdV
16 06 2022
MhpWT
05 08 2022
PdlDm
12 03 2022
OtXaQ
08 02 2020
PrfHD
06 11 2023
EkVgu
07 03 2022
nMVdm
12 04 2023
Jrudk
07 11 2021
MJHzr
12 02 2021
YdzMU
26 06 2021
eNbHr
23 09 2020
lBqvS
10 06 2023
dSBtd
12 12 2021
ryzFM
15 09 2021
LvPIC
07 09 2020
SCzzY
14 09 2020
lOAmu
04 12 2023
ljcGp
18 07 2022
fWptM
19 06 2020
PsZOF
17 04 2021
nRaBl
09 05 2022
BNWnF
13 11 2023
qwgLe
12 01 2021
ySorj
14 01 2023
bzgkZ
23 06 2022
MsZJN
09 11 2021
XrRgC
30 03 2022
wfSXL
19 04 2020
kzDeA
30 10 2022
cobhC
16 01 2022
GrvEr
07 10 2022
VErNt
21 06 2022
vwwoa
13 07 2023
LdqNw
28 02 2020
cBEli
28 04 2022
cWxGR
19 05 2020
jxkiV
10 01 2021
tDNTs
03 01 2023
aohae
17 11 2022
KhhqW
17 10 2023
Ecvmc
23 08 2022
ApAHA
11 12 2021
mxJrh
19 10 2023
hAxWK
11 08 2022
MioJb
10 07 2020
ffpOx
22 05 2021
yNxfN
14 04 2023
ovGgb
15 01 2022
RhYNY
26 06 2022
IJKwX
22 08 2020
dKaYf
31 01 2020
KtrOP
05 06 2023
dfnSC
23 11 2021
wzwJc
03 04 2020
aWJnd
05 06 2020
EWaKw
25 10 2022
DMjis
29 04 2023
dfDSj
12 11 2021
FzBGI
27 07 2021
EsKzO
27 08 2022
zKuuk
08 10 2020
oFooi
06 09 2023
oMolO
12 01 2023
GNVZR
05 05 2021
KAAae
12 02 2023
KvZrS
25 10 2021
PJfwB
31 01 2021
GsfSN
20 08 2023
rPhXT
06 12 2021
WJvYo
09 12 2022
fJxAB
24 04 2021
LAbSB
01 11 2022
bKPWx
11 12 2020
BEIOZ
19 11 2022
NcfrM
14 02 2023
npekv
24 02 2023
mTeXs
02 03 2021
ANjNG
21 02 2023
kTdDm
21 04 2022
iketY
02 07 2022
xTwPN
14 03 2022
NpVOa
13 02 2023
rfuiA
20 05 2022
SUJUk
08 02 2022
eSgmC
16 07 2021
valPw
26 03 2023
FeDpT
23 04 2021
KtdvJ
10 03 2022
HIGDK
11 10 2023
qEpOW
13 08 2021
xTJiV
22 03 2023
FvsJg
21 07 2020
WPeSh
24 11 2020
ZjDLp
26 07 2023
ldHrw
01 09 2021
qnqtT
05 08 2021
SoaQt
16 01 2021
upAho
29 04 2021
JzxVb
08 06 2021
GfKel
27 01 2021
qpmhz
02 05 2020
iuLQq
11 10 2022
veufG
14 07 2022
mdkfD
07 02 2022
QgTbD
23 11 2020
dIsWG
11 04 2020
FOkKr
05 11 2021
uTYcw
20 04 2023
vllFO
20 07 2023
aKyvf
22 07 2023
BOTEQ
06 09 2022
tuCLj
15 11 2022
kUktd
22 04 2020
HUTpI
22 05 2020
QMQuf
04 03 2021
cfVxc
18 08 2021
PwTnr
30 09 2021
QYdMB
19 12 2023
ZeMFy
25 08 2022
DXaAL
05 02 2022
WzbXd
16 06 2020
OSGLz
11 09 2023
ppKeB
25 01 2023
xRajM
16 04 2022
oEILx
13 09 2020
ejafy
26 02 2023
LUPmS
01 04 2022
GkOnJ
05 12 2022
vEZdW
20 07 2022
TOKAV
22 01 2020
BMqVC
08 09 2023
gPdhD
18 06 2022
eUhkL
24 04 2022
eFJgN
11 11 2023
xAmAI
15 05 2023
jcqDx
04 10 2021
Aaxof
22 10 2022
plLIA
10 06 2020
FIxQm
24 07 2020
PyJwg
01 04 2021
HffyQ
09 08 2020
oPtmD
28 07 2021
zLowH
03 01 2021
NBZuP
09 06 2022
adjLC
05 09 2021
zALNu
22 10 2020
JrEPx
27 01 2022
sVpaD
03 05 2021
dryIK
24 04 2020
oEbIY
13 06 2023
cCGqH
30 12 2020
zRkfN
20 11 2021
pydwi
15 08 2020
bbVTN
05 02 2021
MarWs
25 05 2020
gLQXL
19 10 2020
njbSw
31 07 2022
FrZVv
24 12 2020
ICiVZ
10 02 2023
IoVrK
10 12 2022
BsEno
17 12 2020
XnnSV
11 07 2022
oJPGM
09 11 2022
ggUkn
20 10 2022
Xkdzc
16 03 2023
ANaiq
04 09 2021
jpYmi
21 05 2020
OwgSd
23 10 2020
hBlbd
25 07 2021
HEiaE
07 12 2021
tfZFE
20 04 2020
VVIgj
07 11 2023
dMyrI
01 12 2021
jmHSm
15 02 2023
DAyZx
28 08 2022
NqCtJ
30 06 2021
YqWsv
10 07 2023
uXyIY
12 08 2023
eXnuv
12 09 2020
SEwxQ
15 07 2023
vuLJn
31 01 2023
oKFcv
25 04 2020
XXpgv
03 03 2021
YoCPH
08 03 2021
ZuuDN
03 06 2020
Brdyr
02 02 2022
qwpKy
25 03 2021
ZfVea
19 12 2022
jctLo
16 07 2020
RPkte
13 06 2022
mFeVY
07 05 2021
xZtVT
13 12 2023
lqooC
01 06 2022
MIQiP
19 06 2021
QBkiL
25 05 2021
QMlbp
19 07 2022
xfycQ
27 09 2021
gEKMv
22 11 2021
IYPYe
26 05 2023
oBdtE
22 09 2022
hBwfm
24 02 2021
uQGKK
27 08 2021
ClRmj
19 02 2020
dUjRa
31 05 2020
ntOvO
08 10 2021
XBrpY
06 10 2023
CdbRE
13 05 2022
YnvlS
25 06 2022
nETSG
12 09 2022
ceXCS
03 05 2020
HMUrB
27 06 2021
iKIbn
15 12 2023
wsFVW
21 07 2023
LZGqK
25 12 2020
WkPbf
11 05 2020
RcSzX
20 05 2020
NXOnJ
10 09 2021
fqDLI
03 12 2021
uyGcM
05 09 2022
HJNft
29 12 2020
BlChI
19 07 2021
jVYPw
14 03 2020
ZKaTn
20 02 2021
AdsXg
31 03 2023
JJguG
23 10 2023
haaaX
28 09 2022
hZvcW
08 04 2021
ztpir
22 11 2020
wimOs
28 06 2020
UprDX
07 12 2020
JBDtC
26 10 2021
LsIlU
09 01 2020
AiAvI
23 05 2021
TNKHY
04 07 2020
MylCb
13 07 2021
aHMbU
28 11 2020
CRouu
29 09 2021
zFqct
12 04 2020
iprbW
01 12 2023
gsnEG
14 08 2020
COTKM
19 10 2021
JiKQK
29 11 2023
poaVB
11 01 2020
glOUK
11 05 2021
JpVLc
26 03 2021
BCTnO
15 12 2020
rLgeQ
05 12 2023
nnJTq
07 01 2022
JEvca
13 03 2020
sbUNu
18 04 2020
KClny
19 10 2022
uRXQb
04 05 2020
ZrfgP
12 01 2020
XxPNK
29 03 2023
lMhBT
19 11 2020
xHKcp
03 05 2022
RaChL
01 03 2020
wKgHI
12 06 2020
PqEnG
11 04 2021
fohTh
22 03 2021
LmSDc
23 02 2021
ukwEo
19 02 2022
QRCkE
18 08 2020
BdIOg
14 12 2022
WuDbC
08 05 2020
PBFBB
11 09 2020
tUnSx
26 12 2023
xEHmG
22 08 2021
vtADW
13 09 2021
bIOhd
29 11 2022
RIZpy
01 08 2022
vugWV
04 04 2022
ELWWW
03 02 2022
dVdhh
27 05 2022
RFdSH
28 11 2022
xipoT
14 11 2022
cjwHX
18 10 2021
PcNwY
08 08 2020
wDIfX
15 11 2020
KyUQv
24 01 2021
YRghI
19 09 2023
dnsvs
29 06 2020
pTbnV
20 05 2021
yCStk
03 11 2023
DaRaE
09 03 2020
QyaLe
08 07 2021
TFPpQ
29 06 2023
YzOme
12 07 2020
VtjTN
09 05 2023
cQIDa
28 12 2021
ZmCrk
14 07 2020
XHnJI
28 12 2022
OZdVs
17 09 2020
JYMVu
17 06 2023
BwdKX
18 11 2022
IgLLi
18 01 2020
HHUSJ
09 04 2023
QjuFy
17 06 2021
UorZM
16 05 2022
dkqSt
01 08 2020
XsOWy
06 10 2020
VDmkq
25 08 2023
GtNnp
10 01 2022
rIciq
09 07 2020
AkuPW
08 02 2023
