25
90 0
89,99 -1,28
89,97 -2,56
89,95 -3,84
89,9179 -5,11509
89,8718 -6,384
89,8156 -7,64635
89,7493 -8,90084
89,6729 -10,1462
89,5867 -11,3811
89,4906 -12,6043
89,3847 -13,8146
89,2692 -15,0107
89,1441 -16,1913
89,0097 -17,3553
88,866 -18,5015
88,7132 -19,6287
88,5514 -20,7357
88,3809 -21,8214
88,2017 -22,8847
88,0141 -23,9244
87,8183 -24,9396
87,6145 -25,9291
87,4028 -26,892
87,1835 -27,8273
25
0 1
1 2
2 3
3 4
4 5
5 6
6 7
7 8
8 9
9 10
10 11
11 12
12 13
13 14
14 15
15 16
16 17
17 18
18 19
19 20
20 21
21 22
22 23
23 24
