-1.0 0.0 0.3333 0.0000
-0.411 0.2 0.3519 0.0679
0.117 0.4 0.4179 0.2094
0.532 0.6 0.5797 0.7263
0.8 0.8 1.0616 4.7829
0.909 1.0 5.9524 767.0355
0.875 1.2 -2.1053 -25.2118
0.735 1.4 -1.1312 -1.9398
0.542 1.6 -1.0030 0.2351
0.357 1.8 -1.2594 3.5360
0.243 2.0 -3.2573 104.6158
0.248 2.2 2.5974 -66.6940
0.404 2.4 0.8511 -2.4565
0.717 2.6 0.5163 -0.4863
1.169 2.8 0.3920 -0.1521
1.721 3.0 0.3425 -0.0449
2.317 3.2 0.3349 0.0175
2.894 3.4 0.3651 0.0962
3.394 3.6 0.4511 0.2914
3.768 3.8 0.6653 1.1404
3.989 4.0 1.4104 11.1027
4.055 4.2 -25.6410 -57620.6612
